lam_list
 [[0.2, 0.8, 0.0], [0.8, 0.2, 0.0], [0.2, 0.4, 0.4]]
excute_time
 0.785
epsilon_list_1
 ['0.1', '0.067', '0.05', '0.04', '0.033', '0.0286', '0.025']
sampling_time
 20
acc_reses
[0.9819293801706704, 0.9875281948139397, 0.9844329816941965, 0.984367484390295, 0.9862875321869625, 0.9901906259176567, 0.995342715197544, 0.9542226127334236, 0.9869887461435838, 0.9852180169677339, 0.993921256140442, 0.981429112254818, 0.9933648886843637, 0.9977487676642288, 0.9780951560451546, 0.990662358632956, 0.9740250483430688, 0.9894858688359892, 0.9880164091513521, 0.9885448759389426, 0.9946230585158681, 0.9767118623419838, 0.976074568622139, 0.9783040816549545, 0.9845910148271336, 0.9850677943491347, 0.9862389728288332, 0.9962267517407313, 0.9549435787089149, 0.9695900822443668, 0.9876972427762855, 0.9890984907967093, 0.9925988427775585, 0.9898073912778749, 0.9832676986122416, 0.9797024592940149, 0.9645013909985503, 0.9889679445822458, 0.9875824424853993, 0.984407063159585, 0.9875289220199295, 0.986936622823975, 0.9757265172293688, 0.9843219074438413, 0.9847285586724787, 0.9855397000629595, 0.9936105581424606, 0.9890320172096609, 0.9926662377916745, 0.9702867414951394, 0.9827619355403392, 0.9815599475306593, 0.9872888266156856, 0.9925446900097333, 0.9838467652688928, 0.9913366400807038, 0.9459300049706998, 0.9609820910518682, 0.9824545160337037, 0.9809096949069694, 0.9918927212725343, 0.9845511206192049, 0.9898538767839009, 0.961837422952205, 0.9637950027639104, 0.9777313920068067, 0.9874111219836694, 0.9881684071803496, 0.9893960081298926, 0.9903633930629698, 0.9743898388866794, 0.9764216510059466, 0.9928354933510785, 0.9872905208040319, 0.9887334012431531, 0.9941692264708621, 0.9944413039638138, 0.9702198496936543, 0.986535667862592, 0.9828787639142268, 0.9782190086760655, 0.9908582583558139, 0.9903819158130296, 0.9906697684562491, 0.9686373412784421, 0.9794876830730261, 0.9800567637626458, 0.9836015132564407, 0.9932931580907226, 0.9914697594385725, 0.9914252068843143, 0.9649649449458154, 0.9759051195925152, 0.9893773858179005, 0.9890083564739612, 0.9883237602108982, 0.9858804577316116, 0.9942998203328579, 0.9625162661597183, 0.9870941755973062, 0.9842629680459152, 0.9935621699664927, 0.9894235704703435, 0.9929349282893722, 0.9871186423009938, 0.9571023486308456, 0.9686826809628906, 0.9788700805213674, 0.9836887311707344, 0.9945410175895968, 0.9733765526933869, 0.992819199735727, 0.9684429267755995, 0.9611648393503152, 0.9819381817346616, 0.989374207998489, 0.9886242643132216, 0.9934212998827598, 0.9927193808872502, 0.9658121449435781, 0.9839232612260514, 0.9946773319034171, 0.9855789477640274, 0.9938643847080203, 0.9923487782899938, 0.9814322435211031, 0.9682868825333134, 0.9817398364360475, 0.9894904363546914, 0.9923387109707055, 0.993709853729104, 0.9880164746184498, 0.9908143859179426, 0.9650595480011511, 0.9780524391506464, 0.9874852957181884, 0.9900537415078381, 0.9949768162805066, 0.9863413929747488, 0.9925349558059288]
[0.9815731278932607, 0.9803589407706985, 0.9868247652604532, 0.9894776827601739, 0.994768335679812, 0.9941431704069172, 0.9929833187725904, 0.9755145760756222, 0.980308183343936, 0.9891082642925199, 0.9918188983451376, 0.9932800608994601, 0.9913322577782738, 0.9939295109899274, 0.9875369748800735, 0.9793833261904058, 0.9929634367579747, 0.9917848368942394, 0.9922990356824665, 0.9956640063133344, 0.996242408826466, 0.9656464773602367, 0.9919139604535857, 0.9867469750429779, 0.9924105544372231, 0.9937511506094021, 0.9943310986550777, 0.9953144986345641, 0.9789212964058548, 0.982934365230128, 0.9914149427129033, 0.9953496551816962, 0.9922137824570264, 0.9953758434063541, 0.9961244653043559, 0.9648703805909785, 0.986172784263991, 0.9938289456068526, 0.9871028238850605, 0.9931394221739523, 0.9896145973931368, 0.9921044444508068, 0.9823427940553233, 0.9879629597749399, 0.9903501536561841, 0.9915195779449044, 0.9913800364141644, 0.994488498238064, 0.9893574525371023, 0.9774963864055974, 0.9859352741296403, 0.9852779572061923, 0.9910417634423789, 0.987194271249077, 0.9934472297699758, 0.9909151426397235, 0.9862716619546074, 0.9821180077628592, 0.9766986512124041, 0.9927568843374334, 0.996283085449697, 0.9958176377795196, 0.995005751872006, 0.9774131343642012, 0.9898325165381922, 0.9852561126138905, 0.9920009133681241, 0.9821953384524792, 0.9946559115343326, 0.9942540126547506, 0.9682898836410074, 0.985109885648933, 0.9900517768188363, 0.9957043344285536, 0.9931221719825123, 0.9934632226568222, 0.9973140525217704, 0.9664801403713891, 0.9739584747787488, 0.9890077322431314, 0.9904417637234038, 0.9904765691595339, 0.9927112619671997, 0.9953368033704658, 0.9767844947619334, 0.9872633736058707, 0.9850644505030273, 0.9867066460630852, 0.9929062342299739, 0.9934995659216889, 0.9947817183828105, 0.9559383965003196, 0.9855004102630416, 0.9871708414668439, 0.9906818915055841, 0.9942705139623422, 0.9930794855522399, 0.9962783382752849, 0.9829850014617155, 0.9851316368575826, 0.9905581348710991, 0.9847769917590686, 0.9923860160834783, 0.9913967700661753, 0.9963268643849895, 0.9762103835874466, 0.9837569556923628, 0.9861618374909689, 0.9941815109217982, 0.9856233012696698, 0.9958330058302076, 0.9940670530492803, 0.9742989084470577, 0.9866219346939725, 0.9914542574529253, 0.9917313397143631, 0.9968977279998519, 0.9937834075691488, 0.994351214926787, 0.9858570382143084, 0.9836196633876307, 0.9896349194701136, 0.9927068448764707, 0.9932725996773273, 0.9937951743995784, 0.9952269435230316, 0.9844206636313312, 0.9865773340344431, 0.9958461422902781, 0.9870916677992472, 0.9959414116377455, 0.9961024527998354, 0.9944832838943338, 0.9802132334224256, 0.9905545089545712, 0.9899502412408873, 0.9903250053197146, 0.9926602728531244, 0.9932073517372956, 0.9933277420909575]
[0.9656496355587687, 0.9868671697027988, 0.9796181635233088, 0.9891356661665697, 0.9911078285350309, 0.9936547230240632, 0.9909745912574905, 0.9730993170877187, 0.9830550937904494, 0.9803019850847545, 0.9837150242517839, 0.9900117220053859, 0.9913815792332338, 0.9898838154863218, 0.9753851348017126, 0.9750024949556041, 0.9875226934978039, 0.9953877786882597, 0.9925833000320264, 0.9922674435335882, 0.9966835939574329, 0.964909282789266, 0.9846319357891323, 0.9819121292666227, 0.990070832162417, 0.9910519407735204, 0.9908065832707845, 0.9965200579143686, 0.9721863586022164, 0.9906382778304943, 0.9906920793984159, 0.9918017738131396, 0.9880236766271856, 0.993658965995082, 0.9956600110110121, 0.9792432140812263, 0.9896737357793928, 0.9814515814253676, 0.982967103063039, 0.990922824545445, 0.993196921577058, 0.995086477932771, 0.9867621374863226, 0.9638666581898501, 0.9843029341533649, 0.9903133588539698, 0.9956414765462461, 0.9922110356033045, 0.9900823152280435, 0.9588938253649391, 0.9714803413574101, 0.9882261811515023, 0.9915623766534823, 0.9904316113157007, 0.9936177007329016, 0.9915039808538465, 0.9661927698001017, 0.9756291521110684, 0.9855185338987645, 0.9935937501794299, 0.9944102141323988, 0.9959927866781126, 0.9942381709648002, 0.9714082166712494, 0.9850975735383957, 0.9860376651481612, 0.990847182503038, 0.9974702826635443, 0.9938369722390258, 0.9946920764793281, 0.9677966447830396, 0.9876208660131653, 0.974114854709034, 0.9942675047048812, 0.992361818307662, 0.991671291590113, 0.9931744654732277, 0.9756949939095744, 0.9713565149778002, 0.9917804798722036, 0.9853910039843345, 0.993556792467832, 0.9911027099889198, 0.9954284320346324, 0.971201496523589, 0.9846442226839581, 0.9901376302422245, 0.988847980563832, 0.9950379564182266, 0.9942992158062608, 0.987588151884184, 0.9713851134088763, 0.9797656173629119, 0.9841320993701497, 0.9872383823866268, 0.9923210090750979, 0.9945345919183205, 0.9941785635564249, 0.9566387090367002, 0.9573023272435542, 0.9797997400053531, 0.9864004990257009, 0.991587719777906, 0.9920047145370051, 0.9941144761770871, 0.9660337016287215, 0.9832023117207926, 0.9847682743317185, 0.9828678787141423, 0.9867603312653319, 0.9899275473765189, 0.9921955405688838, 0.9654760640421435, 0.9864500457080212, 0.9886277386978777, 0.9922375626876737, 0.9943902881668486, 0.9944246623220704, 0.9924820253036283, 0.9763465689526603, 0.9701540116623548, 0.987600399633115, 0.9934606336260385, 0.9934219975290519, 0.9898621564994218, 0.9953745887154467, 0.9754774436860378, 0.9835398226815034, 0.9815110337944313, 0.9888899670277462, 0.9875699239448227, 0.9881116442754988, 0.9936572428388031, 0.9503749464283827, 0.9857337487550997, 0.9875999987153962, 0.9848890828119419, 0.9884807780509767, 0.9912530172838017, 0.9944677379199908]
CNOT_numses
[2644, 3860, 5042, 6400, 7928, 8934, 10220, 2452, 3732, 5260, 6448, 7890, 9036, 10412, 2706, 3892, 5206, 6472, 7766, 8892, 10002, 2690, 3830, 5410, 6518, 7984, 8788, 10012, 2844, 3746, 5120, 6484, 7706, 8906, 10762, 2606, 3972, 5026, 6404, 7876, 9062, 10118, 2490, 4004, 5102, 6286, 7758, 9254, 10006, 2524, 3934, 4934, 6276, 7818, 9152, 10100, 2554, 3920, 5148, 6744, 8150, 8966, 10094, 2718, 3648, 5154, 6450, 7834, 9104, 10324, 2600, 3814, 5258, 6600, 7980, 8924, 10302, 2496, 3924, 5184, 6658, 8016, 9038, 10194, 2754, 3796, 5260, 6258, 7796, 9030, 10120, 2748, 3980, 5228, 6460, 7926, 8866, 10460, 2640, 3698, 5268, 6492, 7760, 8934, 10262, 2708, 3816, 5156, 6750, 7810, 8932, 10656, 2612, 3696, 5284, 6278, 7692, 9172, 10330, 2624, 3700, 5168, 6584, 7888, 8724, 9958, 2514, 3804, 5222, 6550, 7612, 8990, 10594, 2524, 4072, 4980, 6492, 7900, 8922, 10476]
[3562, 5460, 6990, 8852, 10674, 12590, 14418, 3466, 5358, 7104, 9036, 10518, 12508, 14546, 3514, 5292, 6960, 9062, 10980, 12442, 14576, 3522, 5318, 7126, 8790, 10698, 12300, 14154, 3646, 5362, 7298, 8982, 10858, 12428, 14536, 3668, 5228, 7088, 8836, 10846, 12540, 14312, 3544, 5292, 7240, 8976, 10866, 12712, 14354, 3624, 5380, 7090, 9084, 10862, 12374, 14410, 3556, 5254, 7150, 8856, 10566, 12352, 14378, 3730, 5300, 7148, 9040, 11004, 12492, 14202, 3726, 5446, 7098, 8682, 10874, 12118, 14254, 3614, 5224, 7268, 9066, 10634, 12702, 14314, 3518, 5472, 6994, 8872, 10946, 12250, 14332, 3484, 5176, 7184, 9076, 10960, 12644, 14234, 3586, 5382, 7130, 9180, 10860, 12464, 14516, 3552, 5194, 7112, 8880, 11262, 12602, 14188, 3594, 5330, 7330, 8866, 10946, 12396, 14370, 3624, 5330, 7276, 9076, 10740, 12370, 14570, 3580, 5550, 7242, 9156, 10852, 12268, 14380, 3636, 5320, 7208, 8760, 10686, 12620, 14540]
[2776, 3874, 5168, 6220, 7840, 8862, 10652, 2750, 4040, 4924, 6734, 8144, 8930, 10274, 2700, 4012, 5092, 6384, 7932, 8998, 10250, 2606, 3754, 5352, 6600, 7878, 8836, 10368, 2736, 3818, 5450, 6572, 7768, 8848, 10140, 2466, 3804, 5104, 6376, 7772, 9218, 10204, 2578, 3892, 5116, 6454, 7650, 9080, 10828, 2578, 3758, 5282, 6324, 7818, 9038, 10196, 2550, 3894, 5054, 6276, 7906, 9272, 10288, 2616, 3818, 5086, 6482, 7680, 9102, 10458, 2476, 3854, 5350, 6356, 7702, 8850, 10374, 2738, 3790, 5342, 6650, 7728, 9272, 10254, 2658, 3786, 5196, 6474, 7888, 9152, 10362, 2804, 4200, 5014, 6574, 7836, 8888, 10360, 2610, 3930, 5182, 6164, 7906, 8908, 10192, 2772, 3954, 5274, 6400, 8020, 8906, 10000, 2740, 3836, 5330, 6568, 7978, 8906, 10298, 2724, 3904, 4996, 6430, 7954, 9002, 10396, 2438, 3760, 5124, 6222, 8128, 8846, 10588, 2504, 3756, 5106, 6514, 7810, 9156, 10266]
single_q_numses
[1891, 2767, 3573, 4572, 5678, 6320, 7314, 1707, 2703, 3853, 4556, 5782, 6428, 7502, 1939, 2755, 3749, 4568, 5546, 6210, 7156, 1951, 2783, 4005, 4710, 5866, 6242, 6944, 2171, 2703, 3629, 4576, 5498, 6266, 7958, 1855, 2905, 3533, 4552, 5558, 6462, 7134, 1719, 2907, 3649, 4418, 5538, 6804, 7146, 1831, 2943, 3421, 4498, 5558, 6528, 7144, 1805, 2839, 3629, 4974, 5972, 6374, 7066, 1973, 2555, 3723, 4580, 5598, 6500, 7396, 1887, 2691, 3757, 4788, 5678, 6238, 7278, 1711, 2861, 3625, 4848, 5864, 6572, 7250, 2011, 2711, 3929, 4444, 5592, 6502, 7080, 2031, 2923, 3833, 4688, 5702, 6226, 7630, 1919, 2607, 3897, 4720, 5492, 6396, 7212, 1995, 2767, 3707, 5044, 5586, 6494, 7700, 1823, 2607, 3897, 4468, 5406, 6528, 7450, 1879, 2535, 3673, 4830, 5630, 6122, 7066, 1811, 2713, 3723, 4660, 5390, 6270, 7764, 1733, 2933, 3463, 4616, 5556, 6250, 7470]
[2011, 3031, 3839, 4904, 6068, 6956, 8024, 1911, 3047, 3935, 5096, 5882, 6902, 8106, 1931, 2977, 3783, 5090, 6092, 6896, 8148, 2001, 2915, 3991, 4932, 5954, 6854, 7808, 2043, 2987, 4061, 4986, 6084, 6870, 8102, 2031, 2837, 4003, 4910, 5930, 6982, 7934, 2035, 2919, 4113, 5050, 6016, 7042, 7858, 1975, 2933, 3963, 5072, 5952, 6710, 8054, 2017, 2911, 3977, 4846, 5784, 6768, 8046, 2113, 2909, 3957, 5060, 6188, 6848, 8074, 2095, 3059, 3925, 4826, 6094, 6584, 7980, 2023, 2855, 3941, 4914, 5892, 7104, 8032, 1955, 3055, 3835, 4848, 6050, 6752, 7902, 2005, 2861, 4027, 5166, 6076, 6996, 7914, 2001, 3001, 3915, 5176, 6032, 6900, 8032, 1973, 2833, 3871, 4916, 6350, 7036, 7822, 2003, 2977, 4001, 4918, 6164, 6892, 7960, 2007, 2939, 4081, 4928, 5950, 6814, 8046, 1991, 3195, 4053, 5016, 6148, 6680, 8000, 2043, 2967, 4059, 4744, 5834, 7038, 7930]
[1985, 2671, 3785, 4252, 5580, 6224, 7756, 1967, 2995, 3369, 4988, 5862, 6494, 7198, 1925, 2855, 3627, 4588, 5662, 6462, 7390, 1827, 2563, 3915, 4676, 5582, 6222, 7304, 1937, 2683, 3981, 4696, 5610, 6168, 7072, 1687, 2645, 3553, 4544, 5470, 6484, 7184, 1845, 2835, 3509, 4554, 5380, 6416, 8064, 1771, 2547, 3777, 4414, 5522, 6434, 7138, 1787, 2771, 3465, 4370, 5604, 6708, 7322, 1831, 2695, 3665, 4578, 5470, 6432, 7460, 1737, 2683, 3837, 4468, 5362, 6254, 7302, 2019, 2711, 3837, 4872, 5466, 6766, 7238, 1923, 2659, 3765, 4632, 5626, 6568, 7510, 2091, 3171, 3565, 4682, 5634, 6252, 7474, 1815, 2863, 3581, 4288, 5810, 6410, 7262, 2023, 2907, 3859, 4450, 5742, 6452, 7038, 2061, 2643, 3935, 4778, 5786, 6258, 7448, 1975, 2739, 3493, 4564, 5718, 6406, 7486, 1703, 2679, 3581, 4292, 5956, 6152, 7626, 1695, 2629, 3561, 4652, 5642, 6666, 7342]
non-zero entry for P_0:
3600
non-zero entry for P_1:
97
non-zero entry for P_2:
285
time
8323.853542804718
