lam_list
 [[1.0, 0.0, 0.0], [0.4, 0.6, 0.0], [0.4, 0.3, 0.3]]
excute_time
 0.15
epsilon_list_1
 ['0.1', '0.067', '0.05', '0.04', '0.033', '0.0286', '0.025']
sampling_time
 20
acc_reses
[0.9716638326646291, 0.9851870560249617, 0.9894400842936298, 0.989663901940689, 0.9930981994305947, 0.9925007822101987, 0.9945553542577598, 0.9804053903266803, 0.9855798485632171, 0.9882035856889634, 0.9907969832842238, 0.9916514158378292, 0.9929670099377914, 0.9945412278176462, 0.9734064362629301, 0.9836148641883381, 0.9891303779246443, 0.9905171408667792, 0.9921335587994207, 0.992967963564495, 0.9941029551170893, 0.977563387670991, 0.9840499766546695, 0.9868668918035413, 0.9913198352499933, 0.992112877241413, 0.9935547709618154, 0.9946268207213321, 0.9774412012521237, 0.9856029756859457, 0.9884799719649174, 0.9899959567730112, 0.9935719372279455, 0.9935031533618665, 0.9952976704052906, 0.9704946671338699, 0.9823455980794904, 0.9880948668850055, 0.9917958378822449, 0.9921107892482971, 0.9928070306803606, 0.9936461450143597, 0.9766301514292411, 0.9840002729544546, 0.9870876674712233, 0.9893848299980408, 0.9926275612001235, 0.9925512075451736, 0.994482160303816, 0.9720720704178231, 0.9835828097250777, 0.9870647198462243, 0.989889681469185, 0.9919430017843213, 0.991288065938094, 0.9932932855116174, 0.9722507762971639, 0.9839870929747078, 0.9885573387994143, 0.9899374250398264, 0.9928265810144403, 0.9924326544508282, 0.9948635721586578, 0.9719157262670416, 0.9856242556081626, 0.9900916814936601, 0.9906504182313268, 0.9928219318711876, 0.992826342817373, 0.9931089291956646, 0.9779201747230312, 0.983164376833058, 0.9897463927736871, 0.991079747980784, 0.9927769899369161, 0.9932702186398312, 0.9941136249827692, 0.9745282020820293, 0.9835948977077469, 0.9883590354070938, 0.9896826149434608, 0.9926500930063022, 0.9923019409186443, 0.9943149685913706, 0.9739933707165289, 0.9824079373827459, 0.9908063417631287, 0.9893401277247538, 0.9931775331943711, 0.9917696121343729, 0.9944699414412096, 0.9727385065128876, 0.982816484376268, 0.9908179045055505, 0.9891407496729754, 0.9922211767346413, 0.993292630419355, 0.9939986471056965, 0.9772191065790263, 0.9853554382461028, 0.988023579206429, 0.9887299538446205, 0.9921838646477974, 0.9920520189835579, 0.9950181245808848, 0.9770561791894125, 0.9843890076541061, 0.9881587638878193, 0.9876731044041159, 0.9936084151863801, 0.9933349494138254, 0.9947392943619401, 0.976388397645571, 0.98136806500572, 0.9867864849817864, 0.9896876218733851, 0.9929080606302108, 0.9917992356978249, 0.9939123988154223, 0.9744810475418219, 0.9852222240730948, 0.9897915142505528, 0.9893946068448375, 0.9900125876932324, 0.9934186943881568, 0.9935183527095902, 0.9752373909690882, 0.9853502548502192, 0.9866650106477985, 0.9902163757137467, 0.9927552942391334, 0.9930002093315269, 0.9930511718590022, 0.9749033495586065, 0.9813716414953036, 0.9889393486151291, 0.9894797206319303, 0.9931895753617391, 0.9928340912071507, 0.9945574999004609]
[0.9615967282614895, 0.9724775118841699, 0.9794073206421396, 0.9892400506631377, 0.986560707025802, 0.9898549914498449, 0.9919227959908219, 0.9639491527337012, 0.9796824537810884, 0.9843065739752528, 0.9875077014734883, 0.987422228126283, 0.9924851660476415, 0.991538703644426, 0.9652481183541165, 0.9741718223653435, 0.9814789357394544, 0.9834545257960856, 0.988536120255055, 0.9874625854099897, 0.9903707510003624, 0.9643621359135947, 0.9786760817279722, 0.980493916991228, 0.9876353759387015, 0.9899743204694139, 0.9887453923442284, 0.992395520530056, 0.9636748592592815, 0.9813020329962067, 0.9875897783467928, 0.9875856046449817, 0.9894881249574853, 0.9930104614270211, 0.9923466454815947, 0.9737411742146083, 0.9771490100050864, 0.9825079441353766, 0.9842079694278395, 0.9909926079733632, 0.9882299900110769, 0.9926035404474306, 0.9691780805588089, 0.9825205943807794, 0.9790694121635696, 0.9843208261502437, 0.9858498575116058, 0.9885178823581524, 0.9922361373973096, 0.9635442688446122, 0.9682712510454876, 0.9814890087494462, 0.9856806408655391, 0.9912776376676479, 0.988100768292842, 0.9898321647132983, 0.9614317248115838, 0.9816612632701652, 0.981684808530385, 0.985625386308605, 0.9912733437008465, 0.9873319865138845, 0.9924135208806968, 0.9631011631581825, 0.9761736540847425, 0.980091409364401, 0.9876986745237527, 0.9882736219587634, 0.9894455085511656, 0.9926886584252721, 0.9701022512638564, 0.9736719228239391, 0.9838434517965245, 0.986767772302313, 0.9898238792538985, 0.9882305864365123, 0.9900988353181975, 0.9607865245698858, 0.9770127141316357, 0.9800544309952229, 0.9875307703227787, 0.9905086213691542, 0.9895156049397469, 0.9925827385348608, 0.9704653051567599, 0.9815441395232197, 0.9836353671525069, 0.9844553472706585, 0.9882886500075221, 0.990494132667217, 0.9900947321613232, 0.9625126927645811, 0.9798317561210423, 0.9828538301481834, 0.9858488450400014, 0.9869337690256741, 0.9910740852581662, 0.9927157767912237, 0.9600803361925648, 0.9786416320118995, 0.9866408125966447, 0.9835730796564799, 0.9872943258923172, 0.9914726024726233, 0.991951584845124, 0.9646833331730882, 0.9766586437179189, 0.9814079408058326, 0.9869170221681003, 0.9889189010818618, 0.9890133151765524, 0.9915084845876162, 0.9672488575016023, 0.981729328853084, 0.9824791637289453, 0.9875332713127375, 0.9893756523993549, 0.9906951785268969, 0.9930583835191092, 0.9599758075385393, 0.9787526781088528, 0.9790812134761829, 0.9854617814666976, 0.9880015854123174, 0.9880375298839068, 0.9904099702887361, 0.9648809450917748, 0.9778276743855867, 0.9806951307433147, 0.9867862469537473, 0.9895443920956666, 0.990451040263937, 0.9917329550268027, 0.9616227093606738, 0.9728563459836498, 0.9829700028752829, 0.9861022830908683, 0.9883689319243807, 0.9924554237151639, 0.9932388663389231]
[0.9685582152662283, 0.974697053452342, 0.980425012708072, 0.9860038757370159, 0.992080092484274, 0.9894755492556921, 0.9918044212327757, 0.9694410679750884, 0.9779358538878435, 0.9841870685828155, 0.9859232903549571, 0.9887070695446025, 0.9912671448458791, 0.9930574304617373, 0.9683689726744291, 0.9814019817667601, 0.9857077057666611, 0.9884601872565937, 0.9900297524759377, 0.9900638474576413, 0.9935008287637913, 0.961203849325843, 0.9793650528580714, 0.9864828007231774, 0.9866310394425328, 0.9875889458318443, 0.994049012673597, 0.9907906652719889, 0.9704984900730487, 0.9782774029876325, 0.9840976049334643, 0.9845016008266243, 0.987820089070052, 0.9904359586177142, 0.9912612441758053, 0.9725340247532283, 0.9821144985720119, 0.9813686647860858, 0.986518561951511, 0.9885675926921833, 0.991631090783257, 0.9910690194860305, 0.9674429895096817, 0.9778780344858571, 0.9856556904086196, 0.9879133723830678, 0.9919485470748894, 0.9900184903556479, 0.9926787617432807, 0.9685084674214135, 0.9772746025437529, 0.9848134541322358, 0.9855208400299064, 0.9861401935031053, 0.9898455739637583, 0.9925938250310439, 0.9658366111797271, 0.9795912564107189, 0.9846373804636449, 0.9870377780305383, 0.988039734613497, 0.9903623468808399, 0.9920361043229027, 0.9683720052050927, 0.9826451098733298, 0.983376089009869, 0.9888497599178966, 0.9848064221580045, 0.9907670617209441, 0.991672873588845, 0.9623299116226274, 0.9813151971570774, 0.9858201742961208, 0.988035623258827, 0.990950110619887, 0.991920114427793, 0.9904065746462911, 0.9645159201901761, 0.9791426064078197, 0.9817998409284503, 0.9886419785795435, 0.9904797679234767, 0.9894515279568606, 0.9909669775716211, 0.9680692561201889, 0.9803085935416832, 0.9829935555935845, 0.9868162330492217, 0.989043237405118, 0.9911538364590192, 0.9921314122541407, 0.9669913078752688, 0.9727598433740957, 0.9800145181262182, 0.9870280624069346, 0.9911157488914848, 0.9911992555366053, 0.9914284402867848, 0.9639900949100937, 0.9777220127068763, 0.9846965075257522, 0.9880528491260601, 0.989080311507167, 0.9892981073612022, 0.9907288560306852, 0.963034056826429, 0.9775846621233242, 0.9813887477339095, 0.9856689095163673, 0.9871642003794888, 0.9913273453829339, 0.9898897420188684, 0.9734989510483754, 0.9803051361258466, 0.9821959233794049, 0.9865764976622337, 0.9905472397810062, 0.9916791319847382, 0.9931561947572521, 0.9720119650528913, 0.9789437074696821, 0.9777655016484412, 0.9872590303941049, 0.9909506445577654, 0.9899806461208843, 0.9930756105503193, 0.9641990662531433, 0.9762428723307346, 0.9840968257000708, 0.9871512697321483, 0.9892009496750506, 0.988887728247647, 0.9927050482739007, 0.9704480174353006, 0.9796570582677707, 0.9859333039718179, 0.9859853389299557, 0.988362670032298, 0.9917365910162512, 0.9927243594516812]
CNOT_numses
[34154, 51194, 68592, 85698, 103656, 119340, 136906, 34328, 51100, 68500, 85416, 104302, 119714, 137072, 34508, 50978, 68854, 85942, 103860, 119990, 136874, 34468, 51190, 68322, 85556, 103818, 119368, 137014, 34288, 51094, 68774, 85408, 103824, 120788, 136632, 34564, 51536, 68102, 85260, 104320, 120132, 137036, 34470, 50742, 68818, 85494, 104248, 119920, 137326, 34502, 51270, 68538, 85676, 104236, 119672, 136812, 34462, 51576, 68470, 85506, 103764, 119392, 137436, 34366, 51174, 68176, 85826, 103498, 119740, 137460, 34364, 50966, 68410, 85722, 104070, 119834, 136696, 34086, 50962, 68572, 85816, 103730, 120262, 137332, 34346, 51114, 68672, 85516, 103780, 119774, 137116, 34194, 51588, 68680, 85904, 104278, 119822, 137110, 34196, 51172, 68186, 85816, 104174, 119636, 137258, 33980, 51342, 68886, 85468, 103714, 120070, 137280, 34114, 51288, 68532, 85770, 103956, 119704, 136786, 34412, 50956, 68704, 85462, 103860, 119706, 137094, 34130, 51274, 68422, 85748, 103908, 119562, 137202, 34158, 51090, 68228, 85678, 103372, 119604, 136734]
[18548, 27292, 36916, 45646, 55208, 63758, 73762, 18618, 27492, 36788, 45758, 55814, 64958, 73794, 18770, 26918, 36800, 45398, 56252, 64772, 73546, 18372, 27478, 37358, 45866, 56164, 63962, 73996, 18612, 27212, 37290, 45988, 55382, 64104, 73236, 18878, 26804, 36918, 46092, 55496, 64520, 73312, 18512, 27716, 36736, 46036, 55708, 64826, 74092, 18232, 27490, 37286, 46238, 55910, 64552, 73938, 18076, 27616, 36946, 45902, 55784, 64104, 73692, 18152, 27636, 37286, 46336, 55042, 65108, 73412, 18116, 27214, 37130, 46360, 55606, 65118, 73578, 18238, 27572, 36898, 46536, 55522, 63702, 73810, 18490, 27816, 36828, 46296, 55470, 64596, 73844, 18352, 27722, 36800, 46862, 55836, 64288, 73752, 18418, 27640, 37176, 46406, 55302, 64384, 73372, 18274, 27012, 36470, 46370, 55702, 63408, 72398, 18678, 27418, 36810, 46098, 54810, 65182, 74612, 18202, 27276, 36632, 45556, 55526, 64278, 73786, 18612, 27316, 37470, 46342, 55804, 64052, 74052, 18190, 27070, 36566, 45660, 56082, 64462, 73934]
[18632, 27490, 37032, 46382, 55948, 64940, 73708, 18286, 27566, 36930, 46350, 57034, 64744, 73800, 18400, 27800, 37314, 46398, 56134, 64586, 74086, 18406, 27600, 37152, 47322, 56166, 65096, 74500, 18342, 27632, 36928, 46204, 56138, 64636, 73734, 18770, 27668, 36896, 46990, 56220, 63928, 74868, 18844, 27640, 36958, 47410, 56128, 64466, 74026, 18572, 27600, 37360, 46270, 56380, 64878, 73530, 18462, 27464, 36962, 45980, 56150, 65170, 74166, 18538, 27458, 36718, 45970, 56266, 65166, 74266, 18594, 27968, 37414, 46124, 56582, 65170, 73072, 18262, 27568, 36626, 46986, 56042, 64618, 73660, 18978, 28140, 37016, 46520, 55792, 64500, 74172, 18510, 28116, 36664, 46114, 56332, 64928, 73944, 18516, 27410, 37236, 45984, 55628, 65534, 74674, 18816, 27516, 36798, 46544, 56128, 64548, 73968, 18686, 27576, 36540, 46288, 56650, 64468, 74310, 18718, 27708, 37124, 46338, 56352, 64544, 74482, 18518, 27416, 37608, 46830, 56332, 64340, 74582, 18730, 27784, 37568, 47104, 55992, 65544, 74062]
single_q_numses
[27773, 41619, 55827, 69571, 84312, 97221, 111178, 27807, 41495, 55715, 69631, 84522, 97343, 111394, 28029, 41447, 56015, 69605, 84524, 97559, 111304, 27969, 41603, 55853, 69367, 84496, 97079, 111400, 27859, 41385, 55671, 69185, 84328, 97759, 110860, 28201, 41881, 55363, 69475, 84646, 97605, 111270, 28011, 41199, 55857, 69439, 84612, 97535, 111398, 28047, 41579, 55685, 69597, 84564, 97199, 110902, 27975, 41951, 55561, 69625, 84164, 96957, 111376, 27825, 41557, 55475, 69753, 84206, 97261, 111756, 27815, 41423, 55557, 69727, 84740, 97299, 111074, 27735, 41531, 55841, 69685, 84350, 97645, 111476, 27879, 41555, 55707, 69419, 84382, 97507, 111610, 27799, 41977, 55941, 69807, 84580, 97479, 111108, 27941, 41691, 55205, 69675, 84680, 96939, 111774, 27573, 41671, 55963, 69205, 84104, 97537, 111584, 27859, 41649, 55695, 69797, 84406, 97295, 111396, 28103, 41473, 55577, 69531, 84524, 97375, 111192, 27743, 41645, 55709, 69565, 84472, 97099, 111182, 27629, 41373, 55549, 69337, 84168, 97205, 111200]
[16809, 24923, 33803, 41989, 50726, 58409, 67454, 17033, 25135, 33733, 41811, 50764, 59205, 67482, 17205, 24699, 33651, 41597, 51306, 59065, 67358, 16791, 25029, 33807, 41903, 51344, 58683, 67964, 16995, 25011, 34049, 42023, 50616, 58567, 66940, 17225, 24629, 33877, 42087, 50776, 59195, 67268, 16925, 25225, 33471, 42105, 51110, 59133, 67444, 16669, 25091, 34179, 42081, 51052, 58957, 67712, 16687, 25193, 33803, 42157, 50884, 58481, 67202, 16613, 25295, 34005, 42293, 50752, 59437, 67180, 16571, 24817, 33915, 42337, 50900, 59259, 67308, 16689, 25145, 33857, 42435, 50902, 58593, 67702, 16901, 25451, 33587, 42243, 50808, 59209, 67820, 16783, 25401, 33565, 42627, 51164, 58929, 67298, 16985, 25079, 33929, 42179, 50566, 58913, 67154, 16701, 24759, 33521, 42345, 51066, 58183, 66614, 16997, 25139, 33615, 42231, 50268, 59421, 68030, 16781, 25011, 33655, 41779, 51098, 58717, 67632, 17047, 25019, 34089, 42561, 50994, 58671, 67744, 16729, 24757, 33471, 41795, 51048, 58905, 67648]
[17043, 24981, 33743, 42469, 51094, 59351, 67424, 16613, 25127, 33581, 42199, 51742, 58949, 67306, 16957, 25413, 34105, 42433, 51308, 59135, 67568, 16865, 25315, 33909, 43025, 51172, 59315, 67992, 16865, 25159, 33643, 42115, 51344, 59157, 67490, 16979, 25257, 33751, 42893, 51334, 58725, 68058, 17043, 25233, 33845, 42867, 51236, 58723, 67736, 17069, 25251, 33851, 42325, 51164, 59037, 67362, 16885, 25079, 33771, 41899, 51228, 59557, 67656, 16921, 25203, 33617, 42085, 51302, 59373, 67950, 17027, 25407, 33979, 42269, 51710, 59345, 66556, 16827, 25233, 33647, 42681, 51140, 58665, 67248, 17269, 25675, 33907, 42591, 51024, 58907, 67672, 16937, 25425, 33597, 42199, 51304, 59339, 67690, 17041, 25205, 33849, 42135, 50864, 59539, 67810, 17073, 25107, 33743, 42215, 51060, 59073, 67612, 17035, 25219, 33563, 42411, 51582, 58961, 67760, 16977, 25207, 33771, 42425, 51482, 59109, 67952, 16851, 24949, 34239, 42551, 51450, 58871, 68156, 17037, 25275, 34165, 42865, 51228, 59691, 67712]
time
4457.208486557007
