lam_list
 [[0.2, 0.8, 0.0], [0.8, 0.2, 0.0], [0.2, 0.4, 0.4]]
excute_time
 0.785
epsilon_list_1
 ['0.1', '0.067', '0.05', '0.04', '0.033', '0.0286', '0.025']
sampling_time
 20
acc_reses
[0.9756346814060508, 0.9778953920389306, 0.9769745331371376, 0.9857136693140413, 0.9893202413014517, 0.9928210120579339, 0.9914704322599746, 0.96789216270087, 0.9491117954053653, 0.9862621297909653, 0.9810579869284058, 0.9909430824495142, 0.9901551048361661, 0.9954150728530751, 0.9428049177615918, 0.9726888609925113, 0.9742044865476797, 0.9842742723842953, 0.993396671680811, 0.992444155238265, 0.9917022182010389, 0.9688355838795428, 0.9732483257087277, 0.9841430560994842, 0.9781725236054172, 0.9882523817231883, 0.9931621267351678, 0.9880042359614538, 0.958940667830726, 0.9760266401064431, 0.9717088814020406, 0.9843464590708568, 0.9923158692388893, 0.9884158055503913, 0.9866309071159138, 0.9678778814595299, 0.9669878179408526, 0.9598106555731075, 0.9888560511725768, 0.9865313182742379, 0.9910113533045459, 0.9897994469639534, 0.9749439876882735, 0.9779814389289124, 0.9888137584189689, 0.9871751161913124, 0.9887743136192382, 0.9937068980395763, 0.9877461159303265, 0.9660489730619194, 0.9772286715300301, 0.9816143493596375, 0.990674391246283, 0.9850200727252253, 0.9902783322994568, 0.9879828960214022, 0.9478438739971192, 0.9777354619673487, 0.9816152869858193, 0.9818930359032928, 0.992356426720529, 0.9887484036850602, 0.9902363098946406, 0.9672330581760676, 0.9644789474384458, 0.9815133133765351, 0.9824464499390054, 0.9903171140164592, 0.9874872447486435, 0.9850789482705423, 0.9617478238493515, 0.9793841470834904, 0.9830835682212186, 0.9757545698891423, 0.9856165120869806, 0.9901773564033818, 0.9946442273079628, 0.9755507039210888, 0.9851620131086101, 0.9824223767783028, 0.9818606263038003, 0.9929456918415913, 0.9945195092539073, 0.9940731750237749, 0.9690292475778081, 0.9820926636291188, 0.980153394976716, 0.9841647408731908, 0.9925183788978321, 0.9927192697052993, 0.9904441967530856, 0.9735797897558868, 0.9733606772840268, 0.9859815198842828, 0.9892287435044889, 0.984671697957766, 0.9925231205062665, 0.9904954160495806, 0.9565153924423693, 0.981205242990982, 0.988717462775032, 0.9703607301948226, 0.9909229835577993, 0.9860602487881852, 0.9805242136428852, 0.9635827796972136, 0.9828323732025679, 0.9840052117033177, 0.9866343412285086, 0.9835520058546589, 0.9896336350883699, 0.9908403908404483, 0.9741520895199425, 0.9850767458015423, 0.982801164241821, 0.9901953374883193, 0.9911803745713851, 0.9908097254135384, 0.9947591861468428, 0.9707884441571236, 0.9771363397198711, 0.9804555223114606, 0.9765046807132554, 0.9859784858388232, 0.991173007816679, 0.9951546566633911, 0.9771169458749296, 0.978314675141818, 0.9876564615834695, 0.9833901059719149, 0.986331766662131, 0.9908038150311698, 0.9871720541889941, 0.9698494726198746, 0.9755681966150199, 0.9795486593772087, 0.9793563404580925, 0.9912226378368493, 0.9952737952899826, 0.9932204423274267]
[0.9795904270931893, 0.9830433918115314, 0.9877676418421982, 0.9903474840882636, 0.9932936810679769, 0.9934944599594367, 0.9929565485268453, 0.9803180720699016, 0.9887054761058228, 0.9877368474626107, 0.9866544552568852, 0.9925096742425501, 0.992395611255575, 0.9934028576533549, 0.9769893237165539, 0.987784705766729, 0.9821180221257836, 0.9910399621975994, 0.9908013144210087, 0.9922778301923066, 0.9937537739541306, 0.9670902670023762, 0.9854284828430082, 0.9789088798181015, 0.9896514288655881, 0.9942930561199848, 0.9925136536719356, 0.99566099274563, 0.9787104178412952, 0.9832951281729077, 0.9881998752292659, 0.9900740567097165, 0.9906223990130747, 0.9947420058205476, 0.9949984136347189, 0.9740184180608507, 0.9793932916144802, 0.9909616178022295, 0.9854018812420092, 0.9936655347768512, 0.995179987976926, 0.9941739198810994, 0.9632384722318048, 0.9872677831880304, 0.9892275514577122, 0.9909639263804096, 0.9893471387175738, 0.992761918370904, 0.9946085748091023, 0.9767483711731066, 0.9844898922958422, 0.983294300595689, 0.9926396102498842, 0.9940661099807597, 0.9916850653910945, 0.9955158423952031, 0.9785825245529235, 0.9876974629617726, 0.9913795459712764, 0.98812135430144, 0.9934531326912569, 0.9929429621775008, 0.9932824506673509, 0.9780553879141046, 0.9910234172704683, 0.9818157361969531, 0.9897220491206372, 0.993385725901258, 0.9937802774952774, 0.9935257337229151, 0.9725666167986085, 0.9877905406847525, 0.9936306493142271, 0.990537447027135, 0.9910737634269975, 0.9930467367861391, 0.9912470983108247, 0.9811093482868968, 0.9857308936886391, 0.9884261810130991, 0.9894099589480153, 0.9898158275327978, 0.9931962543643559, 0.9941993932006017, 0.9739673794074463, 0.9845371950771707, 0.9793529803049307, 0.9943565564947988, 0.9886941844587234, 0.9937202687267246, 0.9926753254443667, 0.9799728595786066, 0.9877819119479107, 0.9911409856688198, 0.9901502604902378, 0.9876243692942771, 0.992078192476137, 0.9922691386464559, 0.9738125676798695, 0.988382753077423, 0.989556002296454, 0.9914955980430985, 0.9907812676507259, 0.9933831659561956, 0.9921373406745807, 0.9592733893389779, 0.986846196940929, 0.9887545283771954, 0.9931114949077047, 0.9908897630375557, 0.9938715887022799, 0.9942281434590736, 0.9722897978949354, 0.9817881327755412, 0.9837891883046682, 0.9890150445119665, 0.9906407168629209, 0.9950816547346264, 0.9946891425264616, 0.9760203635803804, 0.9889932401637914, 0.9898992121399576, 0.9929948786987041, 0.9925428940571072, 0.991753717290227, 0.9933820266226018, 0.979331184114281, 0.985147595831434, 0.9861883943117292, 0.990599654071476, 0.989251666579768, 0.9940614032800021, 0.9952558370975695, 0.9778887204286448, 0.9834742647511201, 0.9878228446447649, 0.9926572316784453, 0.9912318842062154, 0.9925103032742093, 0.9947047887658705]
[0.9587650411430404, 0.9823099592393589, 0.9846681676466881, 0.9886437135582873, 0.9899344384341996, 0.9938204164664558, 0.9900768760343526, 0.9745937464524228, 0.9771203292626927, 0.9869347275165725, 0.9876818468849183, 0.9841924889914208, 0.9932326675096658, 0.9876679083379433, 0.9508923000035693, 0.9674628112235879, 0.9815816950938835, 0.9879839160363935, 0.9931655432890873, 0.9943668234816966, 0.9917615047547793, 0.9814131817612628, 0.9763470866271056, 0.9854668835041308, 0.9885982633347352, 0.9841901524181885, 0.9880308195048446, 0.9864624830530484, 0.9796965215370076, 0.9871909483507939, 0.9869721436306828, 0.9793927876508184, 0.9804388056633355, 0.9914597642691481, 0.9940690453242793, 0.9628703258927909, 0.9784070013910012, 0.9826942608049852, 0.9838894433810574, 0.9819964141144943, 0.9898070703706215, 0.9933182930696781, 0.9685352657451679, 0.9797371392698558, 0.9835754998139365, 0.9923572761991541, 0.9887396015295867, 0.9910441776072987, 0.9899946646502158, 0.9639813616441211, 0.9782810629783887, 0.9887066665609203, 0.9851087263147574, 0.9912421986491299, 0.9828394844273248, 0.9932929580562456, 0.9731594007403808, 0.9829994742959782, 0.9788216632904083, 0.9921024028307975, 0.9846999021770214, 0.9882940507987622, 0.9937590550569972, 0.9644549840135056, 0.969836197787433, 0.9881711724210235, 0.98649585113129, 0.9931809920101253, 0.9857855776349799, 0.9907447219833534, 0.9699514554970476, 0.9726033471201401, 0.9871395006944104, 0.9917741114628739, 0.9932996695343799, 0.9941545507657492, 0.9883396784295073, 0.9496144877388157, 0.9790367129092582, 0.983642151672052, 0.9910298710681035, 0.9874311176832279, 0.9894941530684971, 0.991692984111878, 0.9648816156250893, 0.9777567605809283, 0.9842315940336072, 0.9803968962759945, 0.9854497083668506, 0.994459783104019, 0.9936614282277622, 0.9557002963877146, 0.9764577820488896, 0.9742620548452177, 0.9919048230124465, 0.9897885297987521, 0.9905404886397867, 0.987914734778052, 0.9678453260324437, 0.980790708267305, 0.9818150042055754, 0.9763415775092684, 0.9914807652625818, 0.9867347054080889, 0.9930209938576867, 0.9679644480505765, 0.9742753514337872, 0.9857987978384423, 0.983829595014094, 0.9931357778795903, 0.9847503043540419, 0.9908124204903428, 0.9741696991616283, 0.9834315827525679, 0.9740433901783019, 0.9842311653828437, 0.992813345307517, 0.9929315552831686, 0.9918532263963973, 0.9647086582029428, 0.9719490393327933, 0.9765581020716203, 0.9892385490531028, 0.9853055216439801, 0.9908053810909845, 0.9905419957381809, 0.9682900756365894, 0.9828995465645085, 0.982851656451093, 0.9880419657271167, 0.991767414786901, 0.9930664761355628, 0.9939031001677536, 0.9691685587829526, 0.9874748644883864, 0.9874689231827564, 0.9730379818246514, 0.988821957384735, 0.9891468921505675, 0.9909808701518874]
CNOT_numses
[12640, 19448, 26074, 33190, 39062, 45306, 51764, 12740, 19286, 25766, 33064, 39460, 45394, 52074, 12832, 19018, 25850, 32662, 39498, 45114, 52128, 12744, 19410, 25914, 32400, 38824, 45878, 51766, 12946, 19406, 26166, 32326, 38886, 45332, 51810, 12940, 19684, 26374, 32282, 39486, 45164, 52136, 13322, 19202, 25710, 32720, 39350, 45416, 52138, 12888, 19456, 25866, 32754, 39476, 45220, 51696, 13096, 19204, 25930, 32392, 39766, 45152, 51926, 13150, 19468, 25994, 32192, 39480, 46364, 51892, 12940, 19172, 25774, 32958, 38452, 44952, 52102, 13092, 19738, 26102, 32318, 39544, 45226, 52358, 12962, 19386, 26820, 32612, 39808, 45236, 52610, 12942, 19548, 25522, 32452, 38470, 45420, 51616, 13378, 19580, 25790, 32874, 39460, 45768, 51826, 13050, 19256, 25542, 32186, 39458, 45964, 52226, 13086, 19572, 25682, 32696, 39532, 45508, 51920, 13060, 19252, 25938, 32450, 39822, 45550, 51934, 13130, 19164, 25320, 31788, 39498, 44610, 51638, 13020, 19354, 25848, 32352, 39512, 45576, 52434]
[21290, 32446, 42774, 53206, 64544, 75082, 85886, 21434, 31654, 42740, 53238, 64870, 74862, 85230, 21390, 31476, 42870, 53122, 64400, 74216, 85084, 21156, 31748, 42694, 52946, 64376, 74722, 86196, 21704, 31618, 42826, 53120, 63792, 74920, 85694, 21180, 32014, 42642, 53474, 64584, 74014, 84822, 21226, 31512, 42418, 53224, 64710, 74658, 85086, 21716, 31378, 42622, 53208, 64532, 75268, 84700, 21366, 32522, 42696, 53822, 64632, 75132, 85652, 21744, 31800, 42976, 53702, 64374, 74286, 85734, 20892, 32138, 42662, 53314, 64752, 73866, 85276, 21054, 31668, 41898, 53492, 64864, 74590, 85822, 21334, 31726, 42418, 53190, 64500, 74732, 85102, 21252, 31620, 42426, 53670, 64780, 74696, 85606, 21424, 31822, 42778, 53134, 64888, 74462, 85196, 21460, 31874, 42378, 52660, 64434, 73850, 85196, 21272, 31956, 42856, 53542, 65160, 75036, 85270, 21768, 32146, 42838, 53156, 64888, 74716, 84698, 21740, 31868, 42572, 53160, 64412, 73504, 84618, 21448, 32330, 43080, 53398, 64138, 74832, 85218]
[13080, 19502, 26070, 32946, 39664, 45820, 52646, 13334, 19640, 26236, 32706, 39996, 46404, 52662, 12584, 19690, 26654, 32642, 39680, 45798, 52396, 13126, 19898, 25884, 32398, 39792, 45614, 52986, 12882, 19182, 26182, 32676, 39598, 45926, 52232, 12942, 19580, 26000, 33042, 39536, 45782, 52694, 13152, 19772, 26080, 32816, 39794, 45286, 52906, 13268, 19316, 26420, 33142, 40334, 45548, 53362, 12946, 19842, 26474, 33056, 39190, 45882, 52726, 13210, 19156, 26088, 32464, 39274, 46168, 52442, 13062, 19306, 25966, 32474, 39376, 45852, 52024, 12888, 19306, 26118, 33196, 39792, 46494, 52406, 13006, 19620, 26222, 32580, 39828, 45062, 52268, 13176, 19432, 26332, 32284, 39904, 46070, 52092, 13182, 19474, 26360, 32764, 39278, 45678, 52672, 12822, 19456, 26390, 32784, 39570, 45868, 51666, 12812, 19534, 26438, 33200, 39690, 46292, 52310, 12934, 19520, 25558, 32980, 39898, 45536, 52266, 13224, 19610, 26234, 33068, 39404, 45662, 52020, 12956, 19390, 26464, 32782, 39290, 46040, 53000]
single_q_numses
[9167, 14183, 19160, 24356, 28720, 32932, 37842, 9373, 14225, 18822, 24524, 28880, 33218, 38144, 9529, 13873, 18840, 23912, 28782, 33272, 38414, 9221, 14241, 18932, 23596, 28412, 33640, 37930, 9341, 14235, 19050, 23634, 28532, 33196, 37778, 9541, 14571, 19546, 23418, 29134, 33122, 38044, 9815, 14173, 19062, 24130, 28828, 33472, 38262, 9289, 14171, 19070, 24096, 28812, 33444, 37856, 9559, 14045, 18846, 23552, 28936, 33248, 37898, 9693, 14385, 19160, 23662, 29122, 34150, 37956, 9415, 13985, 18808, 24316, 28340, 33032, 38456, 9535, 14467, 19210, 23834, 28852, 33346, 38592, 9403, 14009, 19736, 23970, 29144, 33042, 39020, 9507, 14335, 18660, 23912, 28256, 33114, 37830, 9749, 14249, 19056, 24150, 28898, 33484, 37918, 9497, 14031, 18552, 23520, 28954, 33558, 38140, 9613, 14421, 19008, 24026, 28838, 33300, 38244, 9717, 14067, 19186, 23864, 29178, 33302, 38296, 9635, 14111, 18182, 23306, 29052, 32608, 37728, 9475, 14175, 18920, 23694, 29070, 33462, 38796]
[11819, 18391, 23912, 29804, 36154, 41976, 47956, 12067, 17739, 23934, 29630, 36200, 41954, 47580, 11933, 17599, 23914, 29630, 35976, 41520, 47452, 11815, 17539, 23878, 29734, 35668, 41938, 48476, 12217, 17733, 24176, 29530, 35634, 42006, 47842, 11825, 18029, 23916, 29916, 35972, 41298, 47308, 11929, 17621, 23678, 29806, 36134, 41932, 47322, 12317, 17551, 23924, 29682, 36172, 42030, 47354, 11831, 18323, 23956, 30118, 36294, 42366, 48226, 12145, 17661, 23970, 29988, 35868, 41558, 47834, 11641, 17957, 23892, 30030, 36240, 41024, 48006, 11777, 17803, 23316, 29908, 36244, 41870, 47990, 11913, 17793, 23742, 29790, 36072, 41786, 47604, 11803, 17605, 23638, 30008, 36032, 41628, 47890, 11905, 17789, 24092, 29792, 36436, 41620, 47648, 12031, 17809, 23748, 29442, 36018, 41368, 47624, 11801, 18073, 23954, 29886, 36426, 41940, 47600, 12235, 17857, 24054, 29678, 36336, 41916, 47382, 12289, 17847, 23628, 29892, 36008, 40840, 47398, 12017, 18147, 24080, 29636, 35814, 41964, 47788]
[9391, 14143, 18834, 23958, 28756, 33042, 38070, 9839, 14281, 18964, 23892, 28962, 33956, 38588, 8915, 14449, 19454, 23762, 28700, 33226, 38034, 9477, 14711, 18626, 23326, 28584, 33244, 38724, 9183, 13901, 18872, 23736, 28572, 33306, 37878, 9291, 14117, 18910, 24368, 28708, 33170, 38154, 9383, 14411, 19102, 23778, 28874, 32588, 38374, 9655, 13885, 19262, 24028, 29402, 33072, 38774, 9309, 14381, 19318, 24178, 28078, 33464, 38312, 9565, 13907, 18780, 23574, 28288, 33684, 37974, 9545, 13859, 18696, 23300, 28604, 32914, 37726, 9217, 13963, 18984, 24026, 28892, 34014, 38312, 9319, 14303, 18996, 23596, 28756, 32764, 38056, 9635, 14121, 19032, 23184, 29016, 33432, 37770, 9755, 14165, 19218, 23544, 28202, 33340, 37992, 9169, 14045, 19230, 23638, 28504, 33260, 37424, 9225, 14167, 19182, 24140, 28792, 33726, 37858, 9359, 14061, 18330, 23784, 28994, 33020, 37920, 9651, 14215, 19028, 24074, 28584, 33022, 37780, 9303, 14125, 19312, 23944, 28084, 33318, 38380]
non-zero entry for P_0:
75625
non-zero entry for P_1:
519
non-zero entry for P_2:
2755
time
53026.34833741188
