lam_list
 [[1.0, 0.0, 0.0], [0.4, 0.6, 0.0], [0.4, 0.3, 0.3]]
excute_time
 0.15
epsilon_list_1
 ['0.05']
sampling_time
 1
CNOT_numses
[2924]
[160]
[4]
single_q_numses
[2536]
[152]
[4]
transition compile time
0.01449131965637207
3.1538848876953125
3.292994976043701
circuit compile time
0.041788339614868164
0.0031452178955078125
0.0010454654693603516
circuit sample
[102, 178, 26, 94, 177, 178, 45, 76, 22, 145, 14, 130, 159, 48, 127, 83, 173, 25, 178, 130, 139, 128, 121, 4, 157, 187, 18, 102, 88, 178, 114, 26, 62, 54, 178, 193, 193, 46, 10, 94, 127, 193, 127, 12, 127, 178, 171, 187, 83, 159, 46, 114, 175, 69, 187, 14, 186, 114, 193, 74, 187, 49, 127, 107, 51, 76, 159, 94, 83, 130, 76, 114, 178, 135, 95, 102, 173, 27, 12, 178, 155, 83, 114, 42, 69, 178, 195, 182, 145, 169, 186, 159, 178, 94, 178, 189, 193, 186, 128, 54, 170, 170, 114, 112, 189, 12, 69, 10, 14, 48, 94, 102, 193, 49, 171, 102, 171, 192, 149, 195, 135, 95, 195, 107, 128, 128, 169, 48, 195, 114, 145, 54, 195, 57, 94, 193, 121, 159, 195, 171, 145, 114, 187, 195, 95, 135, 121, 41, 186, 155, 99, 187, 187, 187, 48, 127, 195, 76, 99, 114, 99, 187, 94, 159, 36, 12, 54, 157, 57, 178, 2, 155, 54, 57, 18, 187, 54, 112, 193, 195, 193, 145, 12, 42, 105, 94, 193, 171, 128, 178, 114, 49, 193, 12, 25, 178, 157, 130, 157, 48, 52, 178, 178, 169, 149, 159, 178, 195, 46, 4, 54, 128, 130, 173, 190, 130, 130, 128, 135, 93, 135, 114, 65, 155, 14, 26, 12, 186, 99, 173, 83, 114, 178, 159, 128, 54, 65, 186, 36, 45, 48, 130, 84, 99, 76, 173, 99, 171, 171, 178, 102, 76, 26, 169, 130, 186, 157, 186, 193, 169, 12, 130, 46, 148, 128, 173, 190, 69, 159, 155, 186, 157, 155, 114, 171, 178, 159, 107, 94, 159, 159, 62, 121, 99, 195, 155, 48, 54, 186, 135, 127, 159, 95, 76, 159, 26, 18, 178, 83, 195, 83, 26, 114, 97, 102, 12, 34, 155, 99, 171, 25, 128, 112, 114, 94, 159, 114, 50, 69, 94, 157, 54, 114, 49, 12, 46, 12, 114, 48, 10, 14, 178, 83, 167, 130, 171, 46, 155, 12, 168, 177, 105, 177, 14, 102, 52, 187, 169, 145, 27, 159, 94, 155, 175, 54, 12, 128, 128, 195, 135, 165, 54, 187, 195, 128, 162, 127, 112, 27, 175, 62, 190, 48, 155, 12, 193, 193, 195, 114, 49, 159, 159, 148, 144, 165, 175, 145, 173, 114, 157, 169, 102, 112, 193, 127, 27, 102, 189, 49, 145, 10, 10, 36, 24, 114, 69, 41, 94, 135, 189, 76, 193, 83, 48, 193, 171, 175, 18, 135, 49, 102, 178, 52, 76, 171, 26, 171, 102, 195, 193, 52, 83, 69, 83, 27, 48, 128, 175, 81, 178, 62, 62, 128, 187, 54, 159, 99, 83, 112, 94, 48, 4, 65, 12, 173, 69, 177, 155, 10, 46, 193, 186]
[94, 130, 84, 130, 84, 187, 193, 12, 193, 190, 145, 48, 145, 12, 193, 121, 4, 175, 4, 175, 195, 49, 10, 149, 10, 86, 49, 54, 25, 72, 25, 12, 195, 83, 186, 107]
[190]
time
6.593291282653809
