lam_list
 [[1.0, 0.0, 0.0], [0.4, 0.6, 0.0], [0.4, 0.3, 0.3]]
excute_time
 0.15
epsilon_list_1
 ['0.05']
sampling_time
 1
CNOT_numses
[468]
[4]
[4]
single_q_numses
[350]
[5]
[4]
transition compile time
0.00299835205078125
0.2741367816925049
0.26114368438720703
circuit compile time
0.0029990673065185547
0.001004934310913086
0.0
circuit sample
[66, 86, 45, 88, 98, 38, 83, 54, 38, 38, 29, 95, 45, 54, 45, 83, 2, 19, 95, 2, 91, 83, 72, 10, 29, 54, 62, 91, 62, 72, 29, 87, 79, 42, 59, 41, 29, 2, 91, 95, 29, 2, 87, 49, 98, 62, 29, 86, 14, 70, 29, 21, 1, 83, 29, 95, 41, 7, 98, 83, 41, 98, 7, 38, 86, 29, 98, 5]
[42]
[91]
time
0.5782506465911865
lam_list
 [[1.0, 0.0, 0.0], [0.4, 0.6, 0.0], [0.4, 0.3, 0.3]]
excute_time
 0.785
epsilon_list_1
 ['0.05']
sampling_time
 1
CNOT_numses
[12086]
[16]
[4]
single_q_numses
[9224]
[11]
[2]
transition compile time
0.003006458282470703
0.2785336971282959
0.24911069869995117
circuit compile time
0.030000925064086914
0.00099945068359375
0.00103759765625
circuit sample
[66, 86, 45, 88, 98, 38, 83, 54, 38, 38, 29, 95, 45, 54, 45, 83, 2, 19, 95, 2, 91, 83, 72, 10, 29, 54, 62, 91, 62, 72, 29, 87, 79, 42, 59, 41, 29, 2, 91, 95, 29, 2, 87, 49, 98, 62, 29, 86, 14, 70, 29, 21, 1, 83, 29, 95, 41, 7, 98, 83, 41, 98, 7, 38, 86, 29, 98, 5, 42, 91, 98, 14, 72, 7, 41, 72, 98, 14, 2, 38, 84, 38, 59, 29, 72, 98, 29, 13, 62, 98, 45, 72, 72, 95, 98, 86, 62, 7, 55, 45, 72, 19, 38, 29, 55, 45, 19, 45, 62, 72, 77, 29, 98, 72, 83, 29, 45, 83, 83, 86, 83, 45, 59, 79, 98, 34, 72, 98, 91, 25, 45, 98, 59, 38, 59, 72, 66, 79, 2, 1, 98, 29, 29, 91, 29, 38, 55, 86, 98, 29, 45, 98, 42, 55, 54, 19, 98, 83, 29, 19, 67, 91, 28, 25, 86, 62, 67, 83, 83, 45, 38, 65, 57, 19, 72, 66, 19, 57, 95, 77, 66, 29, 79, 29, 98, 54, 55, 13, 54, 55, 10, 38, 98, 91, 2, 59, 54, 83, 29, 10, 38, 98, 83, 38, 62, 98, 98, 91, 10, 95, 91, 19, 29, 98, 41, 72, 59, 72, 88, 2, 41, 83, 29, 72, 98, 2, 62, 98, 66, 66, 38, 19, 2, 38, 29, 54, 45, 72, 45, 19, 86, 41, 41, 72, 54, 86, 62, 45, 2, 45, 83, 62, 83, 62, 29, 67, 91, 59, 83, 29, 29, 2, 29, 67, 72, 91, 98, 41, 14, 29, 88, 19, 2, 62, 29, 19, 14, 45, 62, 98, 31, 95, 2, 41, 62, 41, 29, 29, 2, 66, 67, 83, 72, 7, 28, 19, 29, 83, 41, 95, 72, 45, 83, 21, 42, 91, 62, 86, 29, 29, 98, 98, 98, 66, 2, 79, 62, 2, 62, 38, 54, 41, 72, 45, 83, 29, 14, 91, 55, 65, 2, 95, 38, 95, 98, 1, 29, 98, 98, 57, 79, 29, 38, 38, 72, 29, 98, 2, 98, 72, 29, 45, 72, 29, 62, 29, 83, 83, 29, 98, 83, 91, 79, 2, 72, 29, 1, 62, 66, 29, 87, 29, 19, 67, 41, 98, 45, 45, 72, 87, 45, 87, 72, 41, 41, 42, 67, 42, 72, 29, 41, 83, 29, 83, 13, 95, 67, 72, 38, 72, 98, 2, 45, 19, 41, 83, 87, 57, 72, 42, 41, 98, 86, 2, 95, 88, 2, 45, 19, 29, 72, 91, 87, 45, 38, 29, 19, 88, 99, 91, 10, 13, 91, 29, 72, 45, 29, 57, 19, 66, 2, 19, 29, 88, 45, 98, 72, 83, 98, 38, 54, 14, 41, 41, 76, 41, 2, 72, 65, 79, 29, 42, 91, 66, 66, 91, 65, 45, 91, 54, 2, 59, 45, 79, 95, 98, 42, 77, 59, 62, 38, 45, 98, 95, 29, 76, 29, 41, 41, 42, 55, 7, 98, 45, 95, 38, 91, 29, 29, 45, 54, 98, 83, 42, 54, 62, 95, 59, 91, 7, 79, 83, 59, 59, 41, 41, 72, 29, 2, 45, 2, 98, 41, 98, 7, 29, 1, 33, 43, 72, 45, 98, 59, 98, 19, 19, 54, 54, 1, 86, 29, 41, 72, 41, 66, 44, 45, 87, 72, 98, 88, 98, 86, 86, 45, 19, 51, 86, 2, 83, 95, 72, 98, 42, 2, 51, 7, 45, 62, 45, 29, 83, 67, 7, 83, 83, 91, 95, 99, 41, 29, 91, 66, 67, 83, 67, 83, 83, 29, 95, 41, 62, 65, 29, 45, 43, 83, 72, 2, 99, 29, 91, 72, 62, 41, 62, 66, 54, 59, 91, 29, 98, 45, 2, 98, 59, 86, 62, 59, 28, 41, 1, 42, 28, 83, 83, 45, 41, 2, 19, 29, 55, 29, 29, 29, 98, 38, 72, 72, 98, 83, 38, 29, 54, 66, 19, 45, 29, 41, 13, 45, 29, 83, 91, 29, 62, 83, 72, 79, 83, 19, 91, 29, 2, 91, 95, 72, 41, 42, 41, 72, 41, 62, 29, 62, 31, 19, 95, 45, 62, 13, 99, 98, 57, 54, 65, 83, 19, 72, 41, 45, 95, 19, 79, 83, 31, 72, 72, 29, 45, 29, 38, 19, 29, 95, 28, 41, 62, 42, 72, 98, 29, 45, 2, 7, 7, 19, 79, 45, 86, 98, 55, 72, 45, 7, 42, 7, 59, 19, 2, 91, 55, 83, 1, 28, 95, 29, 95, 28, 72, 95, 54, 19, 2, 42, 42, 38, 45, 29, 83, 87, 38, 45, 39, 98, 95, 65, 95, 54, 87, 79, 2, 19, 29, 95, 54, 10, 79, 67, 98, 72, 98, 98, 55, 79, 2, 19, 29, 87, 2, 29, 72, 28, 55, 29, 91, 29, 62, 59, 41, 72, 72, 42, 42, 88, 62, 95, 29, 66, 42, 95, 2, 29, 19, 45, 38, 7, 72, 72, 83, 59, 98, 55, 67, 91, 86, 38, 66, 41, 42, 91, 45, 38, 66, 95, 72, 41, 19, 45, 29, 55, 62, 72, 72, 13, 45, 62, 55, 98, 7, 42, 88, 19, 39, 84, 62, 38, 91, 72, 98, 38, 98, 62, 86, 41, 45, 62, 41, 29, 83, 41, 2, 86, 87, 55, 29, 19, 79, 45, 41, 41, 98, 29, 45, 86, 59, 59, 95, 45, 62, 54, 7, 41, 10, 98, 98, 19, 95, 66, 62, 45, 45, 45, 2, 2, 59, 66, 54, 83, 45, 45, 98, 54, 55, 57, 86, 65, 38, 98, 45, 2, 91, 2, 98, 1, 45, 2, 98, 29, 62, 29, 87, 54, 2, 45, 49, 29, 86, 29, 67, 42, 2, 59, 29, 44, 2, 72, 41, 43, 83, 29, 65, 49, 83, 59, 42, 59, 2, 98, 72, 79, 29, 62, 13, 1, 29, 67, 19, 45, 29, 62, 65, 66, 62, 62, 86, 86, 1, 45, 42, 45, 86, 41, 98, 98, 45, 91, 62, 83, 7, 62, 29, 42, 62, 98, 87, 41, 2, 98, 41, 38, 42, 91, 72, 38, 29, 72, 1, 38, 91, 86, 2, 29, 19, 29, 14, 66, 45, 91, 72, 72, 83, 83, 54, 42, 86, 5, 38, 66, 7, 41, 72, 95, 91, 19, 87, 66, 98, 98, 72, 1, 38, 7, 95, 19, 45, 79, 42, 66, 2, 29, 29, 91, 83, 2, 72, 95, 77, 41, 19, 77, 95, 62, 14, 86, 2, 62, 66, 83, 83, 91, 29, 83, 29, 41, 19, 31, 45, 87, 29, 1, 86, 29, 45, 29, 45, 72, 2, 2, 98, 98, 38, 38, 45, 95, 45, 2, 29, 77, 19, 67, 66, 91, 38, 29, 29, 38, 7, 2, 65, 83, 1, 66, 62, 19, 83, 62, 19, 54, 19, 45, 2, 62, 83, 87, 2, 29, 7, 72, 45, 38, 91, 38, 62, 28, 54, 72, 45, 2, 91, 45, 41, 45, 7, 54, 98, 19, 29, 29, 2, 2, 66, 29, 76, 45, 98, 98, 91, 91, 99, 72, 62, 2, 29, 29, 91, 72, 83, 41, 72, 38, 79, 41, 72, 19, 13, 2, 77, 47, 41, 2, 83, 98, 95, 91, 54, 29, 87, 29, 86, 29, 41, 28, 79, 95, 45, 2, 87, 72, 95, 42, 91, 41, 98, 41, 14, 38, 2, 95, 60, 29, 29, 55, 98, 29, 98, 98, 83, 79, 29, 1, 19, 59, 72, 87, 83, 95, 45, 7, 72, 66, 41, 66, 55, 41, 19, 66, 29, 42, 2, 66, 31, 98, 2, 42, 98, 28, 72, 29, 45, 38, 29, 91, 41, 19, 29, 83, 98, 83, 83, 18, 2, 13, 21, 83, 86, 42, 14, 1, 41, 83, 2, 72, 45, 2, 66, 45, 95, 91, 86, 29, 7, 62, 38, 41, 41, 54, 79, 54, 91, 29, 39, 98, 72, 29, 38, 86, 98, 2, 29, 72, 98, 66, 62, 1, 19, 2, 98, 72, 98, 83, 7, 45, 41, 19, 72, 91, 41, 67, 62, 41, 65, 41, 7, 2, 59, 29, 28, 72, 42, 98, 66, 72, 72, 66, 29, 98, 45, 91, 62, 72, 88, 29, 62, 41, 83, 83, 98, 7, 21, 72, 41, 65, 95, 72, 98, 42, 55, 79, 45, 38, 62, 41, 41, 45, 19, 98, 29, 29, 83, 2, 98, 95, 88, 72, 95, 83, 88, 19, 29, 59, 83, 79, 83, 38, 29, 72, 86, 7, 45, 29, 55, 41, 62, 49, 91, 72, 98, 62, 29, 7, 29, 59, 99, 29, 62, 72, 79, 41, 83, 59, 54, 98, 83, 39, 34, 45, 62, 13, 54, 91, 7, 62, 13, 72, 31, 45, 65, 38, 45, 91, 98, 72, 34, 29, 38, 98, 29, 49, 19, 29, 1, 95, 38, 2, 83, 45, 42, 83, 98, 62, 45, 83, 98, 38, 29, 83, 42, 29, 41, 2, 79, 98, 2, 59, 29, 67, 19, 83, 62, 29, 45, 2, 10, 54, 29, 65, 42, 59, 29, 98, 95, 98, 72, 83, 42, 41, 29, 29, 2, 62, 98, 98, 14, 2, 57, 45, 13, 10, 95, 2, 72, 86, 91, 87, 19, 91, 98, 98, 59, 41, 83, 29, 91, 2, 7, 59, 19, 29, 1, 72, 29, 45, 66, 38, 59, 95, 59, 66, 72, 62, 79, 91, 47, 55, 19, 2, 29, 67, 2, 41, 83, 62, 91, 98, 98, 98, 19, 91, 98, 62, 79, 54, 7, 98, 43, 45, 88, 2, 14, 79, 29, 2, 42, 21, 42, 7, 79, 45, 29, 83, 45, 62, 98, 72, 29, 98, 59, 51, 2, 38, 41, 72, 67, 95, 98, 29, 66, 86, 95, 7, 83, 14, 13, 72, 72, 45, 45, 98, 54, 59, 72, 98, 66, 86, 45, 62, 76, 19, 98, 29, 95, 66, 2, 62, 29, 45, 19, 29, 98, 99, 29, 41, 19, 2, 31, 19, 38, 42, 19, 14, 13, 98, 29, 77, 38, 62, 29, 62, 54, 7, 98, 45, 29, 91, 29, 2, 34, 98, 83, 72, 14, 98, 57, 29, 83, 59, 88, 42, 65, 38, 29, 29, 45, 98, 19, 59, 29, 41, 83, 67, 29, 72, 59, 55, 51, 2, 98, 29, 1, 19, 54, 29, 83, 72, 34, 14, 72, 31, 2, 67, 45, 86, 79, 29, 59, 34, 99, 62, 55, 28, 7, 79, 95, 62, 29, 79, 7, 72, 86, 83, 7, 41, 47, 19, 54, 38, 98, 41, 72, 41, 2, 42, 91, 19, 2, 29, 7, 7, 13, 88, 95, 87, 41, 62, 29, 45, 86, 86, 98, 60, 65, 54, 62, 42, 83, 45, 42, 41, 29, 62, 19, 98, 66, 55, 38, 2, 79, 41, 2, 29, 2, 86, 10, 19, 45, 98, 83, 62, 98, 45, 83, 98, 72, 42, 62, 29, 91, 98, 62, 38, 19, 77, 86, 34, 29, 54, 2, 49, 72, 79, 98, 29, 38, 2, 72, 66, 83, 55, 91, 98, 72, 98, 91, 29, 55, 98, 95, 72, 45, 7, 29, 29, 41, 62, 45, 19, 29, 19, 14, 98, 98, 38, 83, 2, 72, 29, 29, 38, 98, 98, 72, 54, 13, 19, 98, 95, 59, 57, 29, 79, 91, 62, 98, 83, 2, 38, 29, 66, 91, 38, 79, 29, 55, 62, 99, 10, 98, 45, 19, 29, 77, 83, 54, 19, 2, 54, 60]
[38, 95, 51]
[72]
time
0.6051740646362305
lam_list
 [[1.0, 0.0, 0.0], [0.4, 0.6, 0.0], [0.4, 0.3, 0.3]]
excute_time
 0.785
epsilon_list_1
 ['0.05']
sampling_time
 1
CNOT_numses
[81810]
[5792]
[96]
single_q_numses
[70433]
[5438]
[79]
transition compile time
0.00998067855834961
1.5092673301696777
1.5363855361938477
circuit compile time
0.2567565441131592
0.03148913383483887
0.0010259151458740234
circuit sample
[102, 178, 26, 94, 177, 178, 45, 76, 22, 145, 14, 130, 159, 48, 127, 83, 173, 25, 178, 130, 139, 128, 121, 4, 157, 187, 18, 102, 88, 178, 114, 26, 62, 54, 178, 193, 193, 46, 10, 94, 127, 193, 127, 12, 127, 178, 171, 187, 83, 159, 46, 114, 175, 69, 187, 14, 186, 114, 193, 74, 187, 49, 127, 107, 51, 76, 159, 94, 83, 130, 76, 114, 178, 135, 95, 102, 173, 27, 12, 178, 155, 83, 114, 42, 69, 178, 195, 182, 145, 169, 186, 159, 178, 94, 178, 189, 193, 186, 128, 54, 170, 170, 114, 112, 189, 12, 69, 10, 14, 48, 94, 102, 193, 49, 171, 102, 171, 192, 149, 195, 135, 95, 195, 107, 128, 128, 169, 48, 195, 114, 145, 54, 195, 57, 94, 193, 121, 159, 195, 171, 145, 114, 187, 195, 95, 135, 121, 41, 186, 155, 99, 187, 187, 187, 48, 127, 195, 76, 99, 114, 99, 187, 94, 159, 36, 12, 54, 157, 57, 178, 2, 155, 54, 57, 18, 187, 54, 112, 193, 195, 193, 145, 12, 42, 105, 94, 193, 171, 128, 178, 114, 49, 193, 12, 25, 178, 157, 130, 157, 48, 52, 178, 178, 169, 149, 159, 178, 195, 46, 4, 54, 128, 130, 173, 190, 130, 130, 128, 135, 93, 135, 114, 65, 155, 14, 26, 12, 186, 99, 173, 83, 114, 178, 159, 128, 54, 65, 186, 36, 45, 48, 130, 84, 99, 76, 173, 99, 171, 171, 178, 102, 76, 26, 169, 130, 186, 157, 186, 193, 169, 12, 130, 46, 148, 128, 173, 190, 69, 159, 155, 186, 157, 155, 114, 171, 178, 159, 107, 94, 159, 159, 62, 121, 99, 195, 155, 48, 54, 186, 135, 127, 159, 95, 76, 159, 26, 18, 178, 83, 195, 83, 26, 114, 97, 102, 12, 34, 155, 99, 171, 25, 128, 112, 114, 94, 159, 114, 50, 69, 94, 157, 54, 114, 49, 12, 46, 12, 114, 48, 10, 14, 178, 83, 167, 130, 171, 46, 155, 12, 168, 177, 105, 177, 14, 102, 52, 187, 169, 145, 27, 159, 94, 155, 175, 54, 12, 128, 128, 195, 135, 165, 54, 187, 195, 128, 162, 127, 112, 27, 175, 62, 190, 48, 155, 12, 193, 193, 195, 114, 49, 159, 159, 148, 144, 165, 175, 145, 173, 114, 157, 169, 102, 112, 193, 127, 27, 102, 189, 49, 145, 10, 10, 36, 24, 114, 69, 41, 94, 135, 189, 76, 193, 83, 48, 193, 171, 175, 18, 135, 49, 102, 178, 52, 76, 171, 26, 171, 102, 195, 193, 52, 83, 69, 83, 27, 48, 128, 175, 81, 178, 62, 62, 128, 187, 54, 159, 99, 83, 112, 94, 48, 4, 65, 12, 173, 69, 177, 155, 10, 46, 193, 186, 94, 130, 49, 94, 48, 193, 149, 91, 155, 193, 62, 128, 128, 10, 145, 165, 4, 168, 26, 76, 195, 36, 4, 171, 86, 86, 145, 14, 12, 159, 69, 12, 195, 128, 193, 128, 190, 155, 187, 192, 83, 94, 95, 127, 130, 107, 12, 10, 157, 112, 178, 49, 54, 49, 12, 81, 155, 186, 10, 95, 182, 127, 178, 94, 130, 65, 193, 94, 54, 130, 130, 130, 195, 169, 157, 193, 193, 12, 159, 192, 155, 130, 12, 114, 169, 94, 128, 65, 190, 193, 114, 157, 193, 94, 48, 177, 193, 195, 65, 46, 186, 178, 81, 107, 114, 178, 50, 69, 189, 105, 175, 155, 175, 54, 128, 178, 48, 171, 49, 130, 128, 48, 83, 12, 12, 130, 86, 69, 10, 187, 49, 69, 130, 69, 69, 48, 114, 84, 12, 76, 178, 114, 187, 10, 12, 69, 128, 186, 46, 26, 48, 42, 187, 76, 187, 12, 178, 175, 12, 190, 121, 135, 146, 48, 12, 178, 195, 14, 2, 195, 187, 10, 76, 171, 4, 171, 49, 130, 54, 52, 195, 48, 107, 4, 193, 171, 94, 26, 155, 177, 130, 48, 128, 187, 26, 69, 94, 178, 12, 165, 178, 169, 94, 14, 65, 195, 76, 12, 81, 159, 83, 128, 175, 122, 195, 114, 187, 145, 41, 155, 105, 48, 102, 145, 155, 193, 14, 93, 102, 102, 195, 54, 157, 114, 54, 49, 69, 186, 159, 12, 41, 83, 155, 84, 171, 12, 54, 168, 99, 83, 54, 128, 65, 83, 49, 76, 137, 186, 159, 83, 187, 190, 102, 173, 195, 69, 190, 193, 14, 175, 127, 178, 169, 128, 86, 83, 27, 193, 170, 10, 84, 12, 26, 69, 12, 187, 112, 178, 193, 148, 171, 102, 54, 54, 159, 193, 48, 155, 178, 195, 128, 76, 190, 130, 14, 168, 137, 135, 195, 69, 128, 178, 193, 105, 27, 195, 76, 130, 155, 48, 41, 159, 148, 54, 25, 178, 190, 10, 12, 187, 159, 12, 155, 114, 114, 173, 83, 169, 48, 195, 149, 186, 114, 12, 14, 14, 102, 107, 12, 12, 62, 62, 94, 76, 190, 165, 114, 171, 128, 178, 128, 114, 65, 102, 159, 94, 130, 177, 128, 186, 169, 36, 175, 62, 26, 49, 95, 159, 114, 48, 193, 26, 186, 190, 195, 155, 121, 26, 155, 155, 76, 95, 159, 48, 48, 48, 14, 27, 65, 187, 155, 102, 159, 12, 159, 145, 49, 12, 130, 62, 130, 121, 186, 137, 49, 10, 146, 48, 25, 155, 127, 26, 76, 145, 159, 190, 14, 1, 128, 155, 195, 187, 171, 62, 135, 171, 99, 195, 193, 2, 4, 94, 94, 128, 54, 99, 74, 195, 94, 130, 175, 130, 175, 173, 83, 36, 159, 121, 76, 128, 130, 186, 112, 105, 173, 178, 187, 83, 54, 4, 83, 107, 34, 25, 195, 76, 2, 193, 173, 128, 26, 49, 12, 186, 12, 12, 54, 62, 148, 114, 130, 145, 76, 173, 94, 128, 157, 54, 54, 76, 195, 83, 145, 130, 193, 54, 36, 169, 193, 83, 10, 76, 10, 12, 48, 65, 193, 193, 48, 49, 76, 187, 46, 76, 130, 54, 52, 52, 52, 155, 178, 195, 193, 12, 10, 12, 4, 54, 46, 195, 107, 105, 94, 175, 102, 193, 149, 74, 114, 69, 48, 130, 157, 165, 130, 54, 130, 26, 95, 159, 175, 46, 102, 48, 130, 49, 130, 130, 178, 165, 168, 107, 81, 62, 139, 114, 149, 193, 155, 157, 99, 99, 12, 46, 135, 127, 175, 46, 186, 14, 76, 171, 94, 157, 65, 81, 12, 127, 192, 99, 130, 177, 193, 190, 187, 171, 186, 186, 190, 177, 165, 145, 130, 12, 135, 107, 186, 135, 112, 127, 193, 54, 195, 159, 94, 190, 49, 105, 149, 105, 187, 146, 62, 135, 177, 128, 127, 49, 139, 171, 36, 187, 159, 48, 83, 14, 165, 178, 114, 107, 139, 135, 155, 145, 54, 12, 159, 130, 114, 130, 171, 169, 127, 193, 155, 169, 48, 62, 155, 76, 102, 168, 83, 12, 14, 187, 69, 26, 159, 86, 86, 127, 130, 105, 76, 187, 178, 4, 155, 114, 69, 95, 130, 178, 99, 193, 86, 187, 10, 144, 121, 177, 135, 155, 12, 130, 76, 145, 65, 159, 54, 130, 127, 12, 12, 155, 102, 102, 193, 25, 81, 62, 157, 155, 127, 155, 193, 145, 187, 65, 114, 159, 102, 12, 10, 193, 178, 192, 14, 114, 76, 49, 186, 171, 12, 72, 26, 193, 169, 102, 195, 178, 175, 26, 76, 148, 10, 83, 114, 128, 157, 48, 14, 76, 49, 65, 52, 41, 48, 187, 178, 178, 102, 155, 76, 69, 128, 86, 159, 193, 114, 159, 171, 121, 195, 195, 76, 10, 74, 155, 102, 178, 157, 83, 48, 48, 83, 94, 130, 48, 114, 110, 86, 76, 76, 130, 52, 65, 173, 62, 48, 190, 10, 159, 69, 54, 173, 34, 171, 48, 65, 130, 16, 173, 190, 178, 159, 193, 178, 178, 159, 97, 193, 144, 12, 46, 130, 178, 186, 135, 114, 193, 54, 159, 159, 114, 26, 76, 178, 46, 65, 171, 99, 178, 130, 76, 178, 10, 41, 102, 128, 195, 187, 27, 76, 12, 69, 187, 159, 155, 94, 49, 26, 155, 4, 76, 48, 139, 69, 186, 155, 62, 187, 54, 128, 128, 187, 105, 127, 114, 149, 195, 48, 12, 107, 155, 114, 93, 195, 76, 94, 107, 187, 186, 102, 76, 48, 178, 159, 193, 74, 95, 114, 65, 10, 48, 149, 178, 12, 102, 49, 171, 195, 195, 193, 99, 54, 193, 130, 83, 195, 169, 130, 135, 52, 121, 83, 175, 195, 114, 51, 155, 112, 128, 74, 193, 169, 175, 76, 48, 105, 114, 4, 178, 10, 48, 159, 155, 83, 94, 54, 155, 157, 94, 130, 14, 130, 128, 178, 105, 195, 12, 12, 130, 107, 76, 195, 14, 83, 107, 94, 155, 130, 54, 127, 105, 54, 76, 54, 94, 186, 65, 65, 95, 178, 48, 193, 165, 195, 54, 57, 135, 76, 99, 97, 128, 52, 95, 157, 48, 102, 48, 41, 157, 128, 178, 195, 155, 93, 135, 49, 77, 102, 195, 26, 193, 49, 159, 193, 69, 12, 52, 114, 65, 102, 112, 127, 49, 155, 107, 62, 54, 130, 46, 130, 76, 155, 76, 145, 10, 18, 88, 190, 114, 195, 69, 94, 114, 195, 135, 12, 49, 65, 102, 130, 107, 95, 190, 4, 83, 76, 186, 65, 83, 69, 110, 107, 12, 178, 112, 86, 178, 127, 49, 193, 84, 48, 130, 48, 130, 130, 26, 69, 186, 165, 178, 26, 94, 195, 76, 83, 157, 128, 155, 27, 169, 46, 155, 49, 86, 195, 157, 83, 178, 193, 127, 102, 36, 83, 177, 52, 192, 107, 10, 76, 112, 195, 112, 69, 178, 169, 157, 49, 12, 130, 52, 139, 14, 107, 48, 107, 186, 105, 26, 135, 169, 130, 88, 76, 114, 178, 162, 107, 74, 10, 190, 24, 135, 49, 193, 14, 157, 48, 14, 178, 178, 130, 159, 130, 86, 167, 54, 94, 171, 171, 193, 178, 54, 130, 190, 177, 76, 135, 102, 105, 81, 95, 128, 74, 36, 69, 178, 171, 4, 10, 195, 54, 159, 49, 187, 76, 193, 62, 155, 193, 128, 76, 36, 52, 69, 49, 130, 178, 76, 46, 12, 130, 130, 157, 54, 94, 12, 12, 127, 4, 128, 48, 12, 159, 195, 49, 86, 107, 69, 12, 81, 128, 121, 26, 69, 128, 130, 107, 167, 128, 52, 186, 54, 128, 62, 62, 102, 127, 49, 195, 130, 187, 127, 99, 83, 112, 186, 187, 169, 76, 48, 12, 14, 195, 171, 187, 127, 195, 54, 50, 130, 114, 128, 76, 145, 97, 190, 114, 76, 26, 190, 26, 94, 65, 52, 76, 102, 175, 36, 178, 83, 102, 27, 192, 76, 178, 94, 12, 173, 74, 107, 157, 48, 187, 159, 14, 52, 170, 81, 168, 86, 195, 145, 186, 130, 12, 155, 186, 12, 46, 193, 128, 114, 175, 130, 127, 105, 83, 62, 195, 83, 130, 193, 186, 26, 12, 48, 189, 102, 155, 178, 135, 177, 10, 157, 155, 195, 94, 159, 157, 76, 114, 145, 177, 94, 159, 94, 48, 76, 14, 4, 169, 14, 121, 46, 26, 114, 178, 177, 114, 1, 128, 14, 178, 54, 128, 48, 190, 48, 107, 167, 192, 17, 193, 94, 159, 187, 86, 110, 112, 178, 114, 186, 65, 193, 128, 178, 135, 65, 171, 25, 145, 42, 76, 26, 195, 24, 14, 52, 36, 99, 12, 178, 186, 193, 186, 114, 112, 128, 27, 121, 62, 193, 173, 12, 12, 12, 187, 195, 146, 10, 10, 128, 102, 83, 14, 186, 165, 171, 175, 76, 170, 114, 169, 155, 175, 65, 12, 94, 178, 46, 130, 46, 12, 155, 157, 195, 193, 195, 130, 48, 178, 155, 69, 178, 49, 146, 175, 155, 10, 114, 155, 155, 49, 130, 42, 130, 155, 83, 26, 69, 36, 169, 159, 85, 62, 10, 155, 46, 83, 128, 48, 83, 171, 14, 130, 159, 83, 162, 81, 155, 49, 114, 130, 62, 159, 130, 128, 171, 12, 169, 192, 54, 193, 114, 193, 187, 12, 155, 155, 159, 105, 83, 137, 186, 69, 178, 54, 26, 186, 193, 139, 127, 76, 193, 10, 145, 145, 175, 171, 54, 128, 159, 135, 83, 12, 102, 14, 10, 130, 48, 127, 65, 48, 94, 26, 171, 54, 62, 130, 12, 195, 4, 114, 187, 130, 128, 186, 177, 159, 187, 187, 99, 159, 83, 168, 168, 27, 48, 186, 187, 12, 46, 26, 177, 157, 54, 69, 64, 27, 148, 190, 186, 10, 186, 193, 52, 97, 130, 157, 114, 26, 46, 135, 10, 102, 186, 94, 83, 171, 12, 128, 102, 130, 10, 14, 178, 54, 46, 12, 110, 83, 76, 195, 49, 178, 171, 42, 74, 27, 186, 193, 155, 193, 186, 34, 26, 195, 186, 186, 10, 114, 54, 10, 1, 83, 193, 65, 69, 128, 76, 49, 167, 51, 157, 81, 155, 57, 74, 169, 18, 159, 76, 157, 74, 171, 178, 12, 4, 83, 171, 86, 65, 155, 130, 175, 175, 130, 94, 195, 91, 83, 145, 114, 69, 149, 114, 31, 128, 27, 52, 128, 12, 25, 148, 84, 48, 165, 102, 193, 195, 195, 178, 130, 130, 48, 85, 102, 12, 102, 169, 187, 159, 114, 193, 187, 114, 25, 130, 54, 195, 178, 127, 12, 83, 76, 187, 148, 94, 48, 169, 155, 192, 193, 127, 146, 169, 169, 76, 48, 128, 173, 155, 155, 169, 157, 177, 155, 16, 10, 14, 46, 195, 83, 12, 99, 76, 52, 83, 26, 14, 159, 114, 54, 49, 130, 159, 130, 83, 102, 186, 121, 94, 112, 114, 54, 48, 173, 173, 149, 88, 83, 114, 182, 72, 114, 48, 105, 49, 62, 102, 171, 76, 155, 178, 175, 195, 193, 169, 169, 10, 195, 54, 169, 159, 157, 186, 192, 26, 93, 83, 54, 135, 178, 130, 171, 54, 83, 157, 187, 76, 54, 127, 76, 112, 94, 83, 178, 171, 48, 99, 102, 10, 12, 10, 177, 159, 155, 169, 62, 127, 155, 128, 168, 146, 49, 94, 114, 12, 186, 48, 193, 128, 49, 65, 48, 195, 187, 128, 157, 112, 48, 105, 81, 76, 171, 102, 190, 187, 41, 193, 177, 186, 83, 195, 155, 94, 25, 26, 127, 193, 48, 155, 155, 94, 48, 155, 175, 57, 74, 195, 114, 12, 130, 94, 187, 159, 83, 1, 69, 57, 168, 187, 54, 48, 155, 193, 193, 145, 171, 187, 12, 169, 102, 173, 12, 193, 36, 178, 128, 26, 157, 135, 114, 135, 155, 69, 178, 112, 62, 107, 114, 190, 187, 112, 48, 112, 69, 49, 48, 114, 193, 105, 128, 76, 168, 173, 159, 178, 130, 187, 107, 175, 175, 155, 178, 16, 195, 127, 171, 155, 54, 128, 110, 114, 135, 171, 193, 186, 65, 46, 12, 168, 54, 69, 76, 25, 114, 36, 46, 54, 41, 193, 128, 48, 102, 95, 155, 130, 27, 83, 114, 187, 165, 171, 14, 26, 168, 99, 186, 155, 159, 190, 83, 159, 195, 157, 48, 193, 14, 187, 94, 135, 26, 10, 114, 4, 155, 159, 27, 121, 49, 177, 48, 159, 36, 159, 157, 54, 12, 157, 178, 159, 76, 135, 128, 157, 1, 57, 31, 54, 107, 48, 26, 155, 112, 107, 187, 159, 69, 195, 83, 48, 128, 155, 99, 105, 128, 135, 155, 49, 128, 178, 83, 190, 186, 128, 12, 105, 36, 155, 178, 94, 171, 195, 81, 159, 186, 186, 135, 102, 159, 25, 195, 83, 193, 177, 48, 195, 27, 86, 65, 52, 86, 54, 83, 69, 26, 178, 157, 175, 195, 65, 159, 12, 159, 49, 157, 178, 12, 155, 1, 127, 93, 53, 74, 169, 94, 157, 130, 190, 94, 54, 76, 114, 135, 54, 95, 69, 159, 121, 154, 193, 159, 195, 168, 114, 130, 193, 10, 178, 162, 24, 14, 135, 128, 128, 193, 12, 178, 157, 193, 155, 178, 10, 65, 69, 54, 54, 4, 49, 42, 54, 121, 173, 26, 159, 26, 26, 48, 107, 168, 157, 102, 193, 83, 193, 121, 46, 157, 83, 187, 193, 157, 195, 187, 145, 62, 186, 195, 4, 4, 14, 171, 149, 102, 42, 137, 102, 12, 128, 14, 177, 14, 128, 169, 107, 157, 49, 14, 12, 81, 130, 25, 187, 155, 69, 94, 195, 135, 14, 186, 193, 114, 193, 36, 193, 76, 195, 14, 130, 69, 177, 31, 48, 12, 177, 83, 193, 159, 84, 165, 48, 88, 36, 173, 114, 2, 112, 12, 173, 130, 130, 171, 2, 168, 157, 130, 127, 177, 130, 127, 128, 159, 193, 127, 178, 168, 195, 62, 177, 121, 110, 189, 54, 159, 95, 114, 42, 86, 26, 48, 171, 76, 159, 112, 81, 49, 102, 46, 114, 102, 114, 107, 94, 10, 130, 155, 195, 130, 54, 195, 94, 10, 155, 187, 54, 192, 162, 102, 130, 193, 159, 175, 157, 193, 102, 112, 12, 195, 10, 175, 94, 83, 128, 182, 12, 130, 128, 49, 1, 69, 187, 52, 49, 128, 94, 83, 127, 69, 171, 48, 187, 27, 171, 114, 169, 49, 157, 114, 36, 186, 65, 195, 76, 178, 182, 171, 173, 169, 49, 193, 14, 195, 157, 76, 178, 195, 112, 49, 178, 48, 145, 157, 10, 26, 128, 54, 12, 193, 26, 62, 53, 49, 102, 135, 52, 186, 107, 178, 105, 178, 102, 186, 145, 169, 62, 81, 127, 195, 54, 169, 41, 86, 95, 2, 74, 99, 175, 112, 130, 107, 193, 65, 195, 175, 12, 10, 177, 193, 157, 155, 4, 48, 62, 65, 128, 12, 155, 128, 155, 114, 165, 99, 175, 135, 54, 157, 62, 193, 178, 10, 10, 195, 171, 192, 99, 130, 4, 193, 54, 83, 26, 187, 187, 10, 48, 178, 54, 121, 193, 81, 157, 26, 94, 14, 127, 86, 112, 187, 195, 177, 12, 10, 99, 10, 114, 76, 76, 25, 26, 95, 72, 186, 171, 112, 10, 114, 121, 42, 51, 192, 74, 114, 155, 95, 130, 102, 121, 69, 12, 135, 65, 14, 107, 186, 187, 12, 95, 114, 186, 130, 187, 10, 105, 54, 10, 54, 187, 195, 159, 155, 130, 130, 83, 149, 102, 62, 193, 83, 4, 52, 130, 128, 65, 155, 107, 121, 12, 171, 14, 192, 193, 34, 187, 102, 12, 195, 94, 12, 46, 14, 26, 182, 146, 155, 46, 4, 130, 81, 12, 157, 52, 12, 127, 48, 12, 14, 81, 135, 195, 107, 83, 130, 190, 145, 178, 46, 130, 135, 190, 130, 102, 178, 102, 12, 26, 26, 171, 128, 171, 54, 171, 178, 41, 12, 69, 54, 14, 88, 175, 76, 177, 18, 18, 12, 94, 94, 187, 177, 49, 12, 10, 50, 187, 155, 157, 54, 130, 12, 83, 190, 2, 114, 10, 135, 159, 157, 76, 114, 48, 49, 10, 159, 114, 130, 193, 102, 187, 10, 57, 155, 76, 127, 52, 86, 193, 14, 178, 26, 171, 83, 12, 193, 130, 46, 182, 105, 86, 130, 178, 12, 171, 178, 135, 107, 69, 135, 130, 76, 27, 95, 195, 10, 135, 83, 193, 41, 187, 173, 187, 193, 76, 12, 173, 157, 46, 69, 190, 178, 102, 169, 159, 65, 159, 65, 83, 74, 102, 135, 159, 48, 189, 155, 127, 159, 81, 10, 114, 69, 193, 48, 192, 48, 26, 10, 114, 177, 155, 145, 193, 46, 171, 148, 14, 34, 175, 173, 12, 170, 81, 135, 157, 195, 49, 105, 171, 186, 128, 157, 177, 130, 187, 12, 105, 114, 41, 48, 171, 128, 54, 127, 83, 187, 83, 114, 105, 102, 114, 83, 36, 69, 14, 171, 178, 168, 54, 69, 193, 107, 177, 112, 102, 171, 12, 192, 178, 95, 42, 107, 94, 168, 157, 94, 189, 95, 189, 10, 178, 95, 193, 46, 105, 130, 146, 193, 173, 114, 186, 69, 193, 105, 48, 69, 159, 10, 130, 48, 65, 76, 193, 155, 114, 155, 65, 95, 93, 171, 169, 145, 135, 102, 187, 65, 187, 27, 12, 94, 27, 173, 48, 48, 94, 187, 193, 76, 157, 12, 159, 192, 182, 95, 10, 192, 178, 114, 128, 48, 76, 105, 173, 190, 193, 52, 193, 155, 48, 128, 195, 76, 178, 195, 83, 62, 69, 177, 144, 135, 12, 173, 146, 10, 128, 51, 130, 107, 157, 69, 195, 12, 42, 76, 177, 130, 12, 130, 130, 12, 14, 128, 48, 127, 187, 93, 157, 130, 130, 127, 127, 165, 173, 42, 83, 12, 65, 25, 193, 25, 159, 135, 159, 49, 54, 186, 76, 49, 12, 144, 14, 114, 74, 195, 76, 186, 193, 114, 81, 195, 83, 121, 193, 193, 46, 26, 178, 94, 46, 195, 114, 130, 12, 14, 148, 76, 155, 49, 64, 46, 130, 76, 102, 171, 102, 114, 12, 62, 84, 135, 193, 193, 157, 190, 97, 110, 12, 48, 65, 46, 48, 83, 159, 114, 110, 114, 48, 81, 157, 26, 12, 149, 130, 127, 93, 130, 65, 4, 195, 157, 54, 105, 12, 69, 162, 110, 26, 65, 14, 189, 69, 178, 62, 81, 157, 155, 195, 36, 48, 48, 83, 112, 94, 178, 159, 121, 146, 54, 110, 171, 193, 130, 10, 165, 195, 12, 10, 112, 157, 187, 27, 36, 135, 49, 12, 20, 135, 36, 130, 54, 12, 48, 178, 177, 157, 157, 86, 46, 14, 14, 81, 192, 26, 128, 187, 54, 83, 195, 94, 130, 155, 26, 52, 12, 155, 54, 193, 95, 76, 83, 14, 159, 94, 178, 83, 114, 12, 12, 127, 155, 48, 193, 193, 54, 65, 12, 175, 130, 128, 97, 178, 195, 26, 145, 12, 195, 95, 41, 178, 175, 175, 107, 10, 135, 130, 10, 107, 193, 186, 12, 76, 159, 165, 4, 145, 62, 105, 18, 102, 193, 48, 175, 22, 14, 83, 76, 69, 26, 114, 114, 159, 94, 48, 159, 14, 145, 195, 94, 114, 95, 193, 46, 48, 99, 114, 83, 114, 69, 195, 114, 25, 135, 36, 130, 4, 49, 114, 135, 102, 51, 49, 54, 157, 145, 186, 14, 25, 169, 193, 187, 178, 36, 127, 159, 121, 121, 112, 195, 49, 177, 169, 112, 50, 195, 149, 155, 178, 177, 128, 12, 49, 54, 155, 10, 69, 157, 144, 145, 54, 54, 135, 171, 171, 4, 130, 169, 155, 146, 193, 193, 69, 62, 36, 155, 105, 147, 193, 49, 175, 12, 69, 195, 95, 54, 54, 110, 105, 193, 48, 193, 127, 26, 175, 54, 187, 186, 178, 193, 127, 84, 12, 169, 83, 195, 130, 193, 107, 155, 127, 121, 135, 195, 155, 14, 195, 128, 128, 155, 12, 69, 177, 130, 187, 121, 107, 48, 193, 127, 62, 178, 26, 26, 186, 49, 190, 187, 95, 193, 81, 127, 94, 95, 46, 193, 187, 14, 48, 159, 57, 65, 26, 84, 193, 187, 114, 193, 94, 178, 195, 193, 12, 10, 146, 157, 193, 195, 195, 114, 41, 157, 145, 155, 83, 76, 114, 12, 69, 190, 105, 26, 193, 114, 27, 187, 157, 10, 178, 105, 193, 128, 193, 14, 12, 171, 190, 130, 114, 128, 187, 91, 102, 69, 155, 48, 95, 105, 105, 83, 41, 83, 69, 193, 155, 187, 107, 12, 128, 112, 155, 69, 195, 12, 127, 155, 130, 62, 42, 110, 155, 12, 175, 169, 195, 48, 12, 86, 54, 187, 195, 186, 99, 128, 193, 190, 76, 175, 157, 54, 69, 86, 155, 155, 114, 157, 65, 130, 49, 94, 105, 54, 195, 83, 127, 165, 157, 128, 105, 182, 41, 102, 169, 76, 83, 165, 65, 49, 48, 65, 48, 187, 114, 76, 112, 54, 177, 178, 105, 187, 105, 105, 76, 175, 95, 49, 128, 190, 48, 178, 128, 46, 159, 177, 127, 94, 135, 195, 193, 193, 128, 193, 171, 159, 195, 155, 193, 26, 177, 10, 128, 114, 48, 192, 130, 114, 195, 94, 105, 186, 102, 94, 48, 193, 130, 190, 193, 102, 65, 155, 94, 193, 114, 130, 130, 83, 175, 12, 144, 4, 130, 26, 14, 112, 12, 114, 12, 34, 12, 159, 12, 52, 86, 114, 155, 146, 76, 178, 53, 114, 26, 155, 128, 187, 114, 171, 105, 128, 187, 12, 159, 187, 48, 159, 46, 107, 193, 76, 128, 76, 178, 128, 46, 94, 128, 193, 65, 187, 86, 130, 94, 190, 112, 173, 127, 84, 54, 14, 178, 165, 114, 193, 128, 187, 155, 195, 12, 65, 135, 130, 84, 178, 155, 145, 190, 145, 46, 97, 187, 155, 195, 49, 193, 102, 54, 54, 4, 187, 135, 195, 86, 94, 94, 12, 46, 195, 169, 127, 165, 86, 147, 193, 83, 114, 157, 195, 69, 12, 169, 76, 187, 171, 48, 76, 127, 182, 65, 130, 12, 97, 171, 34, 76, 14, 193, 149, 114, 49, 83, 195, 102, 187, 128, 54, 128, 62, 76, 173, 130, 171, 128, 12, 114, 112, 14, 114, 10, 95, 195, 155, 65, 149, 83, 14, 193, 95, 114, 193, 175, 49, 178, 128, 65, 178, 48, 54, 12, 8, 83, 195, 83, 105, 62, 2, 4, 94, 76, 10, 77, 52, 41, 155, 193, 84, 178, 107, 14, 145, 93, 2, 112, 10, 14, 95, 193, 128, 193, 190, 14, 76, 114, 187, 130, 94, 76, 46, 99, 12, 94, 178, 12, 195, 130, 193, 128, 84, 27, 190, 93, 193, 48, 54, 90, 94, 83, 159, 130, 107, 159, 114, 187, 48, 14, 52, 121, 102, 114, 76, 195, 114, 114, 175, 187, 52, 95, 102, 178, 193, 4, 24, 135, 187, 10, 4, 24, 128, 107, 48, 128, 84, 69, 155, 155, 26, 128, 69, 54, 193, 84, 50, 193, 127, 76, 173, 186, 187, 128, 62, 193, 76, 81, 171, 155, 12, 195, 107, 169, 48, 112, 193, 76, 65, 114, 195, 69, 46, 48, 159, 195, 10, 65, 178, 36, 159, 95, 175, 105, 187, 49, 102, 189, 52, 195, 190, 139, 48, 84, 159, 83, 195, 77, 76, 26, 10, 127, 178, 189, 36, 74, 62, 14, 155, 27, 190, 83, 114, 48, 195, 54, 72, 26, 169, 193, 69, 54, 102, 105, 155, 83, 195, 193, 2, 49, 54, 105, 62, 74, 95, 186, 107, 12, 195, 26, 54, 165, 12, 114, 186, 10, 187, 162, 14, 12, 49, 128, 195, 1, 178, 159, 83, 192, 25, 135, 130, 48, 14, 114, 155, 128, 54, 178, 128, 14, 169, 4, 83, 145, 95, 127, 65, 159, 155, 10, 49, 54, 14, 94, 34, 178, 94, 192, 195, 107, 102, 114, 102, 112, 155, 112, 175, 145, 157, 14, 130, 155, 110, 48, 135, 195, 155, 94, 193, 195, 52, 130, 52, 52, 49, 48, 128, 159, 4, 83, 130, 171, 157, 186, 155, 162, 83, 48, 52, 12, 159, 159, 54, 76, 54, 69, 159, 83, 86, 24, 107, 187, 14, 10, 86, 128, 127, 130, 12, 195, 48, 65, 27, 14, 14, 83, 93, 190, 62, 83, 130, 94, 186, 26, 195, 49, 175, 102, 12, 127, 193, 178, 69, 169, 74, 178, 107, 12, 177, 26, 193, 145, 178, 193, 94, 193, 12, 74, 26, 157, 76, 178, 193, 86, 16, 128, 69, 26, 128, 178, 54, 105, 84, 146, 69, 193, 177, 86, 130, 127, 157, 49, 62, 155, 27, 114, 187, 48, 114, 69, 14, 86, 83, 48, 157, 14, 25, 54, 177, 107, 66, 193, 114, 186, 186, 155, 54, 10, 157, 12, 157, 54, 69, 159, 83, 155, 2, 49, 193, 145, 52, 193, 57, 165, 186, 54, 157, 83, 84, 12, 135, 178, 88, 157, 54, 14, 48, 48, 186, 195, 187, 195, 105, 10, 49, 159, 187, 127, 54, 41, 195, 76, 114, 25, 168, 130, 102, 83, 195, 193, 36, 175, 24, 193, 114, 193, 157, 76, 155, 159, 130, 155, 107, 46, 187, 54, 195, 189, 155, 155, 128, 83, 107, 22, 171, 128, 186, 107, 48, 12, 114, 193, 41, 83, 195, 145, 76, 159, 69, 25, 94, 187, 114, 193, 86, 54, 49, 149, 10, 114, 94, 12, 187, 187, 193, 26, 42, 159, 159, 162, 76, 54, 12, 88, 27, 177, 83, 182, 173, 136, 36, 27, 159, 193, 162, 12, 107, 157, 12, 54, 130, 48, 95, 54, 192, 49, 155, 83, 54, 171, 130, 48, 178, 159, 18, 193, 76, 130, 128, 69, 159, 49, 114, 121, 76, 49, 177, 12, 157, 128, 175, 76, 48, 69, 102, 107, 4, 99, 76, 12, 54, 64, 86, 173, 66, 135, 155, 76, 127, 48, 167, 178, 74, 130, 157, 10, 26, 12, 157, 193, 52, 195, 48, 94, 187, 54, 157, 65, 114, 95, 69, 105, 54, 114, 193, 192, 49, 26, 187, 175, 192, 190, 130, 127, 26, 175, 145, 2, 155, 107, 178, 195, 155, 18, 81, 112, 76, 54, 195, 114, 186, 49, 94, 46, 187, 178, 46, 178, 62, 130, 159, 62, 27, 114, 54, 190, 99, 94, 130, 159, 12, 165, 193, 83, 54, 102, 105, 193, 192, 178, 83, 14, 187, 186, 195, 83, 128, 193, 114, 128, 12, 175, 102, 54, 65, 69, 69, 46, 99, 178, 178, 187, 130, 76, 49, 182, 69, 94, 4, 155, 135, 190, 26, 159, 83, 195, 41, 76, 178, 193, 135, 94, 128, 112, 178, 114, 130, 102, 102, 111, 182, 41, 94, 135, 12, 54, 10, 83, 127, 54, 173, 69, 26, 128, 159, 171, 41, 54, 14, 178, 130, 114, 173, 173, 195, 177, 69, 110, 105, 127, 26, 83, 105, 18, 195, 195, 155, 84, 135, 127, 128, 83, 173, 83, 105, 159, 26, 145, 178, 83, 65, 195, 42, 155, 186, 46, 107, 48, 105, 26, 127, 69, 121, 54, 159, 26, 195, 192, 83, 173, 159, 192, 130, 193, 86, 171, 193, 155, 173, 178, 114, 195, 54, 127, 76, 114, 187, 48, 165, 10, 192, 187, 12, 178, 48, 86, 147, 192, 65, 52, 128, 1, 12, 171, 114, 105, 54, 155, 114, 12, 130, 186, 193, 128, 94, 169, 65, 130, 159, 186, 130, 169, 128, 110, 192, 10, 102, 187, 148, 127, 178, 193, 54, 26, 148, 42, 94, 168, 169, 155, 81, 193, 135, 135, 52, 149, 16, 24, 178, 65, 14, 52, 14, 41, 130, 14, 157, 48, 186, 14, 49, 187, 10, 26, 86, 48, 186, 186, 135, 169, 130, 83, 155, 169, 186, 46, 187, 107, 147, 128, 84, 46, 169, 83, 10, 107, 83, 155, 186, 195, 18, 114, 175, 175, 155, 95, 65, 159, 69, 83, 178, 186, 52, 186, 157, 10, 107, 130, 69, 86, 135, 62, 4, 128, 177, 173, 95, 84, 114, 135, 186, 130, 159, 190, 112, 157, 187, 195, 187, 49, 178, 86, 178, 12, 157, 187, 112, 52, 127, 65, 130, 12, 169, 193, 12, 127, 95, 178, 12, 83, 99, 155, 195, 128, 52, 94, 159, 86, 173, 105, 128, 114, 76, 114, 49, 10, 128, 10, 157, 178, 69, 94, 178, 139, 130, 76, 193, 195, 107, 193, 178, 159, 27, 107, 157, 83, 12, 14, 48, 84, 114, 187, 193, 54, 10, 48, 76, 12, 69, 193, 76, 57, 54, 130, 10, 169, 10, 178, 48, 186, 128, 195, 168, 69, 130, 112, 178, 195, 155, 1, 24, 76, 110, 110, 190, 193, 190, 193, 195, 177, 105, 112, 69, 83, 26, 10, 54, 65, 81, 12, 1, 36, 169, 130, 49, 12, 76, 149, 127, 159, 195, 130, 186, 145, 54, 49, 54, 54, 26, 186, 54, 114, 83, 187, 69, 157, 14, 46, 54, 48, 94, 76, 130, 175, 128, 128, 159, 26, 193, 128, 49, 12, 14, 27, 159, 12, 114, 26, 178, 147, 135, 195, 95, 97, 171, 192, 26, 159, 128, 159, 178, 195, 128, 130, 36, 175, 112, 14, 54, 149, 48, 12, 130, 49, 69, 146, 193, 130, 193, 14, 186, 173, 159, 81, 76, 178, 49, 94, 155, 57, 95, 83, 76, 114, 195, 25, 26, 12, 186, 102, 41, 145, 14, 186, 105, 121, 83, 193, 195, 94, 26, 178, 130, 52, 52, 178, 195, 83, 190, 127, 171, 187, 50, 12, 10, 159, 128, 190, 165, 130, 195, 195, 10, 155, 26, 48, 155, 36, 155, 175, 137, 178, 52, 112, 155, 171, 76, 50, 94, 159, 83, 48, 49, 186, 112, 159, 193, 149, 26, 62, 145, 60, 84, 155, 128, 169, 173, 159, 187, 195, 26, 62, 105, 195, 46, 36, 12, 114, 81, 187, 27, 2, 193, 157, 178, 173, 195, 155, 135, 76, 81, 178, 54, 157, 155, 130, 130, 144, 49, 114, 190, 171, 195, 186, 107, 169, 178, 193, 195, 157, 54, 193, 48, 26, 168, 14, 195, 14, 157, 187, 130, 12, 112, 66, 195, 128, 173, 69, 193, 25, 114, 48, 173, 130, 27, 127, 84, 195, 102, 107, 193, 195, 36, 187, 157, 14, 12, 193, 42, 12, 99, 83, 95, 178, 171, 177, 195, 83, 169, 18, 168, 4, 41, 128, 99, 114, 18, 186, 102, 187, 195, 95, 159, 127, 178, 186, 193, 121, 25, 157, 65, 187, 159, 128, 14, 178, 14, 155, 159, 88, 178, 69, 157, 187, 48, 94, 48, 168, 153, 49, 27, 69, 14, 69, 157, 155, 105, 195, 52, 48, 130, 76, 69, 69, 99, 49, 14, 12, 86, 62, 4, 81, 12, 127, 171, 26, 94, 193, 83, 177, 186, 54, 97, 27, 26, 14, 86, 128, 102, 128, 97, 50, 178, 49, 114, 91, 49, 14, 192, 139, 195, 175, 193, 26, 74, 12, 193, 177, 48, 49, 128, 114, 165, 94, 107, 69, 169, 178, 49, 195, 27, 195, 155, 171, 52, 187, 76, 10, 105, 130, 102, 155, 173, 83, 69, 76, 130, 12, 173, 193, 127, 94, 130, 114, 139, 74, 155, 49, 187, 178, 159, 114, 178, 76, 12, 178, 99, 105, 46, 52, 130, 130, 112, 49, 159, 127, 171, 114, 193, 155, 178, 45, 190, 76, 177, 26, 49, 107, 94, 127, 135, 186, 49, 76, 178, 157, 107, 155, 195, 178, 195, 74, 187, 178, 178, 12, 12, 139, 159, 195, 54, 137, 83, 94, 178, 54, 102, 130, 102, 81, 48, 27, 86, 159, 186, 54, 83, 193, 65, 157, 12, 193, 159, 12, 81, 130, 76, 159, 94, 26, 112, 2, 51, 175, 34, 190, 193, 16, 169, 159, 105, 168, 168, 84, 187, 57, 10, 49, 130, 178, 130, 130, 95, 189, 159, 54, 26, 12, 162, 48, 178, 178, 12, 130, 76, 173, 114, 114, 105, 130, 175, 12, 130, 83, 178, 175, 18, 159, 84, 128, 114, 69, 14, 178, 105, 112, 137, 155, 186, 83, 193, 14, 178, 83, 12, 76, 69, 159, 97, 83, 10, 187, 69, 187, 155, 155, 27, 26, 130, 130, 146, 195, 69, 62, 12, 46, 130, 12, 177, 12, 57, 83, 127, 130, 99, 10, 187, 26, 49, 130, 128, 171, 112, 138, 127, 155, 46, 114, 169, 12, 81, 12, 135, 69, 145, 94, 12, 26, 83, 83, 127, 76, 95, 130, 187, 107, 48, 178, 49, 85, 110, 155, 121, 46, 114, 190, 69, 48, 130, 54, 102, 186, 186, 48, 12, 159, 4, 177, 114, 157, 25, 173, 95, 178, 192, 187, 171, 112, 94, 26, 36, 127, 62, 12, 34, 128, 46, 99, 54, 114, 157, 76, 190, 139, 54, 187, 187, 14, 155, 102, 193, 48, 81, 76, 49, 157, 178, 48, 168, 159, 94, 155, 105, 159, 128, 171, 195, 41, 106, 114, 49, 102, 102, 187, 130, 76, 34, 49, 26, 173, 86, 121, 83, 54, 2, 187, 145, 139, 193, 168, 193, 14, 26, 135, 114, 49, 193, 128, 157, 69, 177, 54, 178, 74, 49, 114, 12, 135, 155, 190, 49, 193, 195, 190, 178, 162, 155, 130, 121, 193, 159, 48, 69, 12, 107, 112, 83, 190, 49, 157, 93, 195, 193, 84, 171, 25, 177, 57, 178, 193, 94, 182, 52, 76, 193, 130, 187, 169, 159, 190, 65, 193, 186, 159, 54, 107, 10, 192, 155, 170, 130, 69, 192, 130, 94, 12, 187, 193, 54, 127, 65, 193, 193, 107, 10, 193, 76, 130, 171, 171, 102, 186, 155, 169, 187, 18, 128, 107, 12, 195, 107, 48, 159, 12, 139, 112, 175, 10, 187, 130, 12, 62, 74, 135, 86, 88, 157, 193, 26, 14, 114, 76, 171, 169, 165, 48, 77, 187, 187, 171, 102, 65, 102, 195, 26, 155, 99, 130, 50, 178, 76, 102, 54, 155, 107, 54, 114, 14, 155, 76, 10, 26, 49, 48, 165, 135, 193, 171, 187, 76, 159, 135, 145, 155, 76, 49, 69, 193, 54, 130, 186, 155, 186, 114, 105, 10, 193, 16, 155, 128, 53, 114, 48, 145, 145, 193, 130, 69, 95, 182, 112, 192, 62, 114, 52, 4, 130, 46, 105, 128, 186, 76, 182, 95, 135, 25, 195, 192, 114, 26, 186, 10, 4, 155, 105, 12, 130, 26, 69, 155, 4, 175, 149, 10, 114, 169, 54, 193, 159, 10, 94, 26, 105, 69, 83, 102, 94, 187, 189, 168, 12, 175, 10, 48, 187, 105, 155, 155, 65, 1, 169, 169, 26, 177, 12, 178, 135, 130, 186, 195, 127, 54, 186, 195, 52, 49, 130, 130, 171, 127, 76, 4, 127, 62, 76, 52, 159, 26, 193, 49, 76, 130, 186, 48, 76, 114, 14, 159, 175, 14, 193, 102, 83, 146, 94, 76, 26, 192, 1, 65, 187, 26, 193, 105, 46, 178, 169, 195, 16, 159, 128, 187, 105, 159, 155, 135, 195, 135, 177, 94, 130, 187, 193, 145, 48, 187, 155, 169, 49, 155, 193, 12, 25, 193, 130, 94, 102, 10, 175, 10, 26, 130, 14, 149, 65, 83, 77, 178, 69, 69, 94, 193, 10, 186, 93, 193, 128, 121, 62, 114, 155, 177, 175, 48, 112, 81, 65, 65, 128, 130, 177, 36, 195, 127, 12, 94, 94, 76, 4, 62, 4, 62, 26, 76, 195, 72, 4, 49, 12, 193, 127, 12, 128, 114, 155, 12, 178, 175, 12, 155, 171, 94, 168, 128, 171, 155, 130, 130, 105, 92, 4, 46, 85, 177, 114, 177, 195, 12, 54, 193, 95, 54, 112, 169, 127, 155, 128, 81, 175, 145, 173, 107, 173, 130, 12, 49, 155, 127, 49, 14, 12, 159, 169, 137, 169, 137, 128, 128, 193, 107, 190, 159, 49, 14, 48, 190, 14, 26, 155, 193, 195, 155, 178, 139, 76, 36, 14, 26, 83, 36, 114, 128, 10, 95, 128, 10, 187, 178, 26, 76, 69, 41, 186, 69, 12, 76, 76, 10, 195, 127, 177, 49, 128, 114, 127, 195, 193, 195, 83, 76, 135, 178, 107, 186, 187, 46, 175, 152, 157, 130, 192, 26, 69, 195, 159, 81, 177, 171, 10, 14, 195, 128, 114, 48, 14, 145, 128, 81, 187, 121, 26, 83, 195, 155, 177, 114, 155, 121, 48, 26, 76, 168, 26, 102, 76, 186, 146, 193, 83, 93, 192, 54, 94, 114, 95, 135, 157, 147, 127, 62, 114, 130, 105, 76, 14, 12, 12, 193, 128, 49, 95, 169, 65, 128, 195, 192, 177, 195, 14, 81, 193, 165, 155, 95, 94, 86, 186, 81, 112, 84, 195, 169, 74, 195, 130, 178, 4, 157, 27, 114, 102, 46, 105, 182, 112, 186, 94, 54, 52, 186, 112, 48, 49, 52, 193, 114, 102, 177, 94, 69, 54, 155, 52, 83, 83, 36, 168, 114, 128, 178, 195, 193, 187, 187, 165, 99, 114, 145, 195, 173, 155, 155, 107, 94, 41, 157, 12, 128, 12, 114, 36, 125, 12, 193, 48, 99, 48, 178, 83, 157, 128, 193, 178, 72, 12, 130, 173, 42, 54, 128, 187, 187, 175, 169, 12, 145, 2, 12, 195, 177, 193, 76, 83, 157, 127, 74, 10, 54, 94, 159, 76, 4, 130, 54, 187, 139, 76, 76, 190, 175, 169, 178, 49, 130, 130, 83, 157, 175, 46, 130, 195, 190, 69, 193, 114, 10, 195, 190, 187, 107, 41, 128, 187, 54, 157, 54, 128, 4, 155, 177, 48, 83, 12, 107, 54, 169, 175, 49, 49, 135, 27, 86, 159, 65, 55, 54, 175, 159, 14, 76, 105, 178, 10, 169, 155, 10, 135, 190, 167, 76, 155, 62, 52, 84, 169, 159, 112, 155, 165, 187, 86, 107, 159, 159, 114, 130, 83, 178, 76, 114, 4, 83, 195, 54, 114, 54, 195, 83, 155, 114, 26, 114, 41, 54, 77, 128, 189, 159, 177, 114, 34, 130, 195, 195, 192, 12, 127, 27, 128, 83, 130, 12, 81, 171, 2, 99, 12, 49, 54, 54, 128, 64, 105, 12, 48, 187, 128, 76, 12, 26, 155, 195, 169, 48, 76, 52, 127, 127, 137, 127, 18, 173, 12, 135, 50, 99, 193, 12, 130, 76, 12, 127, 12, 186, 186, 107, 99, 76, 12, 190, 27, 12, 81, 130, 155, 102, 110, 148, 14, 83, 195, 114, 155, 12, 193, 54, 178, 189, 149, 65, 52, 155, 12, 159, 169, 177, 178, 81, 49, 165, 173, 62, 83, 12, 12, 54, 130, 193, 177, 45, 25, 95, 105, 130, 102, 130, 157, 193, 62, 178, 130, 190, 186, 114, 157, 155, 48, 12, 114, 127, 94, 107, 65, 83, 128, 86, 53, 10, 52, 65, 26, 94, 48, 36, 114, 178, 178, 171, 54, 145, 114, 94, 114, 83, 107, 155, 178, 83, 159, 94, 95, 175, 190, 10, 76, 54, 14, 128, 159, 193, 76, 171, 94, 130, 14, 157, 157, 62, 121, 65, 128, 173, 195, 53, 128, 83, 130, 107, 159, 127, 12, 54, 157, 12, 130, 130, 12, 157, 159, 193, 186, 187, 10, 10, 130, 155, 62, 10, 107, 4, 12, 12, 26, 26, 193, 127, 12, 155, 76, 128, 195, 18, 49, 48, 26, 187, 130, 128, 102, 168, 83, 62, 62, 90, 171, 69, 105, 12, 159, 171, 99, 128, 114, 12, 12, 157, 76, 169, 76, 54, 137, 26, 187, 175, 69, 187, 178, 127, 193, 195, 128, 65, 94, 178, 178, 159, 86, 130, 178, 169, 168, 178, 84, 94, 93, 190, 12, 193, 195, 195, 65, 128, 187, 95, 76, 107, 157, 161, 127, 193, 187, 94, 22, 135, 190, 186, 130, 187, 159, 193, 159, 114, 10, 130, 18, 169, 195, 193, 4, 130, 157, 94, 2, 105, 94, 193, 114, 112, 86, 105, 157, 128, 175, 187, 187, 193, 52, 95, 127, 81, 48, 14, 130, 54, 190, 177, 102, 114, 169, 83, 165, 83, 195, 190, 178, 114, 195, 94, 195, 86, 41, 48, 54, 195, 34, 62, 187, 155, 127, 195, 193, 52, 27, 52, 102, 62, 178, 159, 130, 159, 130, 159, 173, 69, 114, 137, 114, 155, 157, 36, 12, 102, 62, 187, 49, 128, 159, 48, 45, 128, 195, 168, 112, 105, 76, 114, 25, 159, 49, 26, 42, 169, 41, 91, 195, 62, 130, 48, 177, 102, 105, 187, 49, 114, 145, 195, 76, 94, 195, 187, 187, 10, 12, 190, 155, 193, 12, 130, 49, 127, 54, 114, 157, 159, 114, 69, 4, 148, 114, 94, 157, 175, 130, 94, 94, 195, 14, 110, 54, 193, 76, 121, 171, 186, 49, 195, 48, 175, 169, 76, 54, 193, 157, 83, 27, 73, 127, 178, 193, 195, 105, 65, 114, 187, 189, 195, 135, 159, 62, 193, 83, 157, 83, 83, 65, 114, 127, 69, 114, 157, 187, 95, 128, 135, 69, 69, 69, 146, 195, 155, 178, 175, 48, 193, 130, 76, 130, 171, 187, 148, 12, 54, 114, 114, 94, 178, 178, 157, 76, 155, 112, 12, 84, 157, 14, 76, 48, 48, 159, 130, 49, 76, 186, 49, 69, 94, 83, 105, 107, 145, 83, 76, 193, 186, 14, 69, 112, 187, 94, 130, 173, 10, 130, 193, 105, 36, 187, 178, 48, 128, 94, 130, 139, 114, 173, 49, 155, 195, 54, 10, 169, 195, 69, 193, 114, 195, 26, 83, 26, 74, 12, 4, 42, 27, 195, 130, 10, 77, 94, 190, 135, 195, 159, 114, 107, 159, 69, 12, 175, 169, 62, 195, 10, 54, 26, 148, 155, 54, 130, 83, 103, 114, 110, 10, 114, 130, 42, 102, 99, 49, 54, 178, 128, 149, 62, 76, 46, 169, 130, 107, 130, 26, 4, 62, 186, 54, 146, 190, 178, 86, 14, 2, 128, 195, 127, 114, 193, 187, 14, 69, 69, 169, 155, 54, 94, 12, 99, 52, 173, 169, 2, 159, 26, 186, 114, 27, 139, 187, 62, 171, 146, 76, 173, 107, 42, 193, 81, 114, 147, 130, 178, 128, 135, 127, 187, 121, 187, 83, 186, 54, 178, 130, 102, 159, 195, 195, 195, 36, 114, 155, 83, 94, 127, 127, 49, 76, 137, 186, 48, 187, 76, 149, 178, 135, 25, 65, 12, 195, 99, 175, 12, 10, 168, 193, 157, 49, 187, 12, 178, 26, 49, 62, 85, 145, 193, 127, 26, 187, 12, 105, 187, 4, 127, 178, 12, 130, 162, 192, 52, 102, 195, 26, 186, 128, 54, 62, 128, 114, 195, 155, 93, 187, 178, 159, 187, 99, 130, 187, 48, 178, 130, 54, 178, 130, 76, 102, 189, 171, 189, 187, 155, 48, 48, 54, 10, 128, 187, 62, 135, 173, 62, 49, 83, 193, 189, 187, 159, 192, 65, 162, 193, 128, 171, 110, 54, 14, 12, 186, 195, 186, 195, 130, 193, 49, 187, 69, 76, 48, 76, 12, 190, 107, 127, 12, 112, 177, 130, 25, 135, 165, 54, 62, 94, 195, 195, 130, 69, 99, 173, 49, 34, 48, 127, 157, 175, 169, 102, 76, 186, 186, 127, 10, 69, 69, 62, 57, 12, 4, 195, 187, 162, 81, 107, 187, 25, 175, 69, 177, 157, 36, 48, 127, 135, 65, 159, 195, 178, 69, 42, 10, 69, 27, 127, 14, 127, 106, 157, 107, 94, 144, 193, 95, 168, 128, 169, 54, 102, 186, 178, 190, 95, 76, 145, 52, 135, 95, 62, 14, 157, 99, 193, 22, 102, 77, 95, 49, 155, 69, 62, 26, 157, 195, 26, 193, 193, 130, 193, 54, 114, 12, 130, 189, 165, 177, 155, 157, 192, 155, 49, 128, 112, 65, 114, 102, 128, 12, 114, 86, 171, 18, 193, 62, 14, 168, 187, 83, 54, 99, 177, 187, 48, 41, 130, 48, 135, 128, 1, 128, 27, 171, 95, 175, 76, 102, 48, 76, 155, 69, 62, 159, 135, 127, 46, 4, 42, 190, 127, 86, 187, 69, 128, 130, 69, 52, 12, 49, 26, 137, 178, 190, 128, 169, 81, 65, 195, 155, 128, 52, 65, 62, 42, 178, 46, 128, 195, 48, 76, 48, 86, 195, 128, 52, 95, 112, 171, 83, 107, 94, 14, 10, 112, 83, 195, 128, 48, 157, 173, 145, 69, 130, 155, 178, 157, 178, 130, 14, 157, 190, 128, 41, 107, 193, 193, 62, 186, 10, 169, 95, 102, 53, 193, 48, 128, 190, 130, 159, 157, 171, 130, 94, 52, 86, 130, 127, 186, 127, 26, 128, 128, 135, 178, 130, 130, 159, 12, 187, 112, 86, 178, 54, 76, 171, 76, 62, 114, 155, 157, 195, 102, 178, 69, 112, 159, 130, 26, 195, 130, 105, 193, 157, 127, 46, 130, 114, 69, 127, 12, 165, 69, 169, 76, 195, 102, 94, 26, 95, 83, 169, 65, 46, 130, 27, 186, 12, 135, 83, 193, 12, 135, 187, 34, 175, 137, 145, 54, 10, 114, 49, 10, 48, 128, 175, 178, 195, 178, 48, 114, 193, 159, 175, 193, 114, 157, 26, 168, 10, 178, 178, 178, 54, 107, 193, 114, 193, 128, 86, 46, 189, 155, 26, 69, 195, 186, 178, 155, 169, 12, 128, 14, 112, 114, 155, 130, 127, 48, 69, 27, 49, 157, 186, 165, 175, 84, 175, 159, 157, 48, 52, 155, 102, 26, 128, 128, 83, 49, 76, 182, 84, 57, 112, 149, 94, 10, 114, 128, 14, 12, 54, 168, 48, 173, 84, 12, 102, 27, 195, 102, 155, 178, 107, 193, 114, 27, 149, 12, 155, 14, 105, 135, 190, 114, 14, 187, 173, 42, 42, 155, 95, 48, 81, 48, 54, 48, 74, 54, 193, 94, 171, 167, 10, 193, 94, 175, 130, 62, 193, 193, 186, 128, 193, 195, 178, 157, 84, 76, 51, 46, 26, 54, 159, 102, 130, 52, 190, 193, 1, 54, 130, 48, 190, 137, 128, 175, 128, 10, 54, 54, 105, 135, 95, 69, 171, 193, 121, 34, 62, 127, 193, 177, 178, 195, 94, 81, 36, 112, 130, 178, 193, 177, 54, 187, 171, 64, 86, 54, 195, 46, 177, 128, 127, 193, 155, 54, 14, 155, 128, 69, 195, 12, 105, 135, 128, 178, 195, 12, 186, 145, 114, 94, 49, 127, 175, 159, 193, 4, 155, 171, 195, 195, 190, 81, 48, 54, 144, 12, 54, 171, 127, 157, 193, 128, 157, 95, 105, 76, 127, 145, 32, 127, 52, 187, 114, 76, 187, 48, 94, 107, 76, 178, 95, 83, 14, 105, 112, 112, 99, 102, 127, 49, 107, 130, 48, 175, 128, 152, 107, 128, 186, 121, 178, 83, 102, 187, 10, 128, 14, 171, 50, 127, 127, 95, 49, 26, 10, 41, 157, 99, 48, 12, 155, 14, 76, 46, 167, 193, 145, 119, 157, 195, 83, 178, 130, 12, 187, 27, 114, 146, 12, 69, 14, 1, 48, 178, 155, 192, 178, 190, 76, 178, 83, 26, 178, 187, 41, 135, 155, 195, 159, 86, 94, 14, 76, 128, 155, 69, 74, 178, 95, 178, 107, 54, 48, 192, 187, 128, 114, 76, 69, 107, 157, 193, 128, 69, 175, 4, 12, 42, 102, 24, 178, 128, 69, 130, 46, 159, 178, 14, 12, 27, 128, 48, 83, 165, 10, 130, 4, 121, 178, 187, 46, 57, 195, 195, 127, 69, 178, 193, 26, 177, 195, 159, 36, 95, 171, 178, 54, 12, 114, 149, 27, 187, 69, 195, 135, 69, 157, 187, 175, 128, 189, 48, 189, 186, 106, 173, 12, 186, 190, 155, 128, 190, 27, 145, 195, 48, 107, 187, 187, 114, 187, 114, 46, 171, 83, 105, 128, 114, 168, 130, 187, 187, 182, 178, 76, 14, 94, 135, 195, 26, 76, 14, 25, 128, 127, 171, 162, 93, 186, 95, 195, 54, 169, 81, 130, 62, 177, 65, 193, 128, 69, 10, 62, 157, 175, 10, 94, 14, 94, 155, 193, 155, 14, 128, 41, 173, 159, 54, 112, 128, 95, 130, 195, 27, 49, 69, 121, 48, 48, 94, 127, 195, 146, 193, 157, 178, 57, 48, 144, 94, 64, 105, 178, 177, 86, 114, 54, 105, 171, 48, 4, 149, 14, 178, 155, 182, 128, 130, 62, 94, 65, 2, 95, 171, 127, 12, 94, 83, 49, 25, 145, 195, 193, 130, 18, 187, 62, 165, 187, 94, 127, 159, 4, 157, 69, 2, 159, 4, 193, 155, 171, 155, 128, 69, 86, 12, 76, 83, 1, 195, 193, 159, 26, 193, 195, 187, 178, 114, 178, 171, 74, 187, 81, 130, 135, 83, 190, 76, 83, 12, 195, 12, 86, 159, 130, 155, 102, 193, 128, 10, 10, 114, 48, 12, 186, 155, 112, 94, 145, 193, 130, 107, 155, 186, 193, 155, 130, 94, 12, 192, 76, 175, 159, 195, 159, 102, 76, 12, 187, 76, 130, 76, 128, 14, 36, 48, 102, 83, 178, 110, 86, 135, 26, 190, 94, 157, 10, 121, 128, 128, 46, 195, 14, 130, 94, 128, 10, 128, 36, 145, 193, 69, 14, 128, 74, 159, 94, 145, 52, 69, 4, 69, 178, 81, 12, 12, 175, 76, 16, 186, 76, 105, 130, 81, 65, 94, 130, 10, 189, 52, 102, 49, 83, 46, 26, 46, 193, 193, 121, 147, 62, 77, 178, 102, 42, 193, 187, 26, 54, 114, 26, 186, 48, 54, 159, 114, 54, 95, 135, 65, 186, 157, 187, 76, 49, 62, 95, 159, 94, 49, 95, 128, 48, 130, 36, 178, 94, 14, 36, 178, 159, 105, 10, 86, 54, 193, 12, 128, 62, 26, 42, 12, 135, 12, 99, 4, 178, 130, 145, 130, 130, 169, 12, 112, 114, 27, 114, 157, 186, 57, 130, 12, 195, 76, 12, 128, 144, 195, 155, 62, 69, 114, 48, 114, 187, 130, 26, 107, 10, 54, 187, 114, 14, 48, 26, 155, 99, 95, 72, 49, 144, 173, 195, 69, 195, 12, 175, 54, 54, 14, 12, 54, 130, 27, 187, 193, 159, 48, 127, 130, 57, 10, 65, 48, 193, 62, 193, 105, 195, 76, 135, 193, 102, 193, 159, 159, 12, 14, 149, 173, 76, 112, 25, 130, 159, 36, 165, 178, 105, 128, 135, 54, 169, 173, 169, 130, 130, 83, 10, 130, 50, 128, 114, 1, 24, 52, 187, 190, 177, 192, 159, 130, 171, 76, 193, 159, 155, 171, 192, 48, 95, 145, 114, 41, 12, 121, 193, 195, 165, 49, 157, 165, 178, 130, 195, 193, 102, 193, 178, 127, 105, 46, 157, 49, 107, 76, 10, 177, 41, 74, 107, 86, 171, 76, 42, 95, 171, 4, 14, 155, 83, 48, 155, 107, 195, 54, 36, 127, 114, 157, 178, 127, 159, 69, 187, 128, 178, 177, 86, 12, 130, 135, 171, 175, 155, 83, 27, 12, 46, 157, 114, 97, 130, 52, 83, 94, 155, 178, 193, 182, 52, 83, 114, 128, 177, 41, 187, 86, 177, 10, 195, 155, 86, 69, 195, 41, 171, 94, 149, 49, 127, 65, 65, 171, 54, 128, 187, 86, 83, 12, 145, 54, 69, 178, 112, 27, 83, 121, 130, 81, 128, 114, 12, 12, 94, 83, 186, 41, 175, 192, 159, 135, 48, 54, 14, 178, 49, 127, 49, 10, 26, 127, 27, 130, 54, 146, 114, 86, 190, 107, 69, 145, 105, 76, 14, 177, 128, 169, 128, 54, 192, 159, 155, 49, 84, 12, 187, 112, 155, 169, 195, 171, 94, 187, 187, 94, 69, 14, 157, 26, 177, 178, 195, 88, 102, 187, 187, 130, 173, 193, 171, 155, 145, 178, 62, 102, 76, 48, 165, 187, 186, 187, 12, 135, 121, 130, 83, 159, 157, 54, 69, 99, 178, 135, 195, 26, 12, 178, 187, 107, 26, 95, 121, 99, 130, 102, 190, 128, 54, 193, 74, 175, 99, 76, 83, 114, 187, 195, 135, 49, 127, 10, 42, 130, 175, 155, 195, 10, 48, 171, 26, 4, 10, 177, 112, 193, 69, 54, 127, 76, 182, 69, 135, 54, 121, 83, 186, 102, 83, 49, 159, 193, 130, 54, 46, 105, 195, 12, 165, 186, 189, 48, 193, 107, 128, 130, 186, 157, 12, 190, 193, 26, 10, 177, 41, 130, 114, 193, 130, 94, 130, 52, 178, 193, 12, 159, 178, 48, 49, 195, 12, 130, 173, 114, 169, 69, 12, 159, 145, 178, 59, 186, 81, 112, 159, 128, 171, 12, 76, 42, 46, 27, 157, 49, 51, 86, 14, 14, 178, 128, 168, 10, 130, 178, 48, 135, 12, 128, 145, 10, 195, 193, 155, 112, 62, 121, 157, 65, 84, 49, 83, 62, 102, 81, 190, 195, 76, 18, 12, 195, 69, 26, 127, 76, 86, 186, 62, 187, 12, 195, 114, 94, 54, 102, 193, 110, 145, 145, 83, 159, 12, 169, 10, 48, 17, 88, 187, 169, 135, 54, 187, 155, 48, 106, 36, 128, 130, 155, 187, 178, 195, 148, 155, 189, 173, 195, 130, 128, 107, 94, 195, 48, 121, 26, 159, 65, 65, 25, 193, 193, 155, 99, 145, 121, 64, 81, 12, 159, 25, 26, 148, 135, 186, 130, 94, 10, 26, 130, 10, 171, 128, 186, 83, 48, 114, 14, 102, 130, 159, 14, 14, 36, 192, 114, 48, 98, 178, 94, 114, 48, 95, 34, 190, 12, 169, 14, 187, 95, 86, 26, 48, 76, 94, 88, 42, 127, 83, 128, 74, 178, 186, 187, 88, 193, 10, 157, 41, 10, 48, 102, 54, 14, 12, 193, 155, 83, 130, 12, 76, 10, 177, 14, 193, 41, 24, 193, 171, 139, 105, 105, 26, 195, 167, 193, 186, 178, 155, 46, 178, 130, 46, 105, 112, 76, 128, 26, 65, 69, 195, 193, 76, 27, 49, 128, 190, 135, 69, 76, 12, 86, 193, 48, 42, 193, 187, 105, 165, 12, 159, 171, 159, 193, 86, 14, 128, 155, 121, 127, 69, 130, 128, 157, 12, 26, 95, 128, 65, 12, 171, 178, 10, 195, 86, 114, 177, 130, 94, 76, 189, 94, 178, 114, 146, 107, 187, 105, 195, 10, 175, 186, 50, 114, 52, 114, 72, 157, 193, 178, 107, 14, 14, 114, 121, 69, 12, 193, 130, 12, 178, 128, 34, 112, 135, 14, 65, 114, 102, 107, 54, 177, 62, 135, 49, 95, 26, 49, 137, 46, 149, 14, 145, 128, 86, 14, 190, 195, 175, 62, 169, 77, 83, 24, 32, 178, 12, 81, 145, 157, 1, 54, 173, 74, 155, 159, 187, 169, 42, 12, 54, 130, 49, 177, 193, 105, 107, 36, 128, 97, 168, 62, 42, 54, 165, 169, 86, 171, 187, 178, 49, 190, 157, 127, 157, 102, 195, 186, 130, 121, 107, 144, 10, 95, 46, 97, 10, 10, 88, 130, 69, 83, 10, 168, 12, 187, 83, 105, 193, 157, 155, 10, 186, 169, 48, 52, 173, 10, 105, 128, 48, 128, 130, 83, 193, 105, 12, 135, 14, 169, 130, 186, 114, 49, 178, 128, 83, 52, 148, 27, 83, 135, 190, 10, 178, 107, 69, 128, 157, 50, 187, 49, 128, 46, 175, 76, 83, 130, 26, 130, 94, 128, 178, 1, 88, 190, 155, 52, 159, 12, 12, 4, 178, 76, 12, 195, 102, 94, 192, 186, 130, 27, 83, 10, 187, 155, 195, 69, 190, 165, 27, 128, 62, 135, 34, 49, 54, 187, 187, 114, 168, 155, 112, 84, 187, 66, 107, 48, 157, 128, 83, 130, 187, 178, 193, 102, 130, 49, 107, 62, 157, 14, 112, 130, 178, 49, 187, 193, 36, 76, 94, 155, 76, 46, 195, 83, 48, 121, 187, 178, 168, 54, 127, 26, 167, 12, 189, 94, 46, 84, 14, 195, 165, 27, 178, 25, 14, 49, 76, 173, 62, 4, 4, 83, 128, 112, 54, 12, 130, 26, 155, 54, 36, 76, 12, 195, 159, 193, 177, 69, 135, 186, 36, 54, 54, 121, 69, 27, 178, 102, 14, 84, 190, 27, 14, 83, 127, 48, 12, 86, 54, 114, 65, 105, 173, 193, 74, 76, 128, 157, 130, 187, 65, 49, 14, 65, 94, 112, 114, 54, 145, 69, 76, 128, 48, 14, 157, 155, 155, 148, 187, 65, 95, 128, 159, 105, 193, 187, 159, 2, 178, 48, 167, 14, 114, 187, 76, 187, 26, 46, 135, 10, 12, 49, 83, 187, 14, 187, 159, 195, 159, 127, 187, 130, 128, 127, 54, 157, 105, 128, 54, 49, 186, 195, 26, 168, 62, 187, 189, 145, 170, 97, 10, 187, 107, 114, 137, 76, 105, 49, 190, 155, 105, 48, 157, 187, 127, 48, 12, 91, 157, 127, 193, 12, 54, 99, 84, 177, 86, 114, 190, 24, 178, 145, 147, 50, 62, 81, 1, 4, 146, 195, 186, 193, 169, 155, 48, 155, 159, 114, 36, 10, 12, 135, 83, 175, 178, 155, 155, 83, 83, 187, 159, 193, 10, 149, 193, 175, 178, 83, 49, 193, 12, 10, 178, 193, 173, 102, 193, 83, 12, 12, 128, 107, 195, 76, 173, 155, 14, 187, 69, 14, 12, 52, 178, 105, 54, 105, 114, 195, 159, 10, 130, 128, 171, 12, 159, 130, 36, 114, 4, 135, 155, 159, 193, 12, 157, 10, 175, 76, 69, 130, 190, 190, 48, 14, 130, 105, 157, 112, 49, 187, 25, 159, 114, 193, 177, 195, 186, 14, 14, 177, 187, 128, 94, 171, 12, 128, 107, 159, 186, 114, 135, 159, 95, 128, 59, 195, 26, 193, 48, 114, 69, 94, 12, 157, 128, 193, 177, 86, 178, 190, 49, 195, 157, 10, 159, 76, 159, 69, 193, 56, 54, 171, 112, 190, 165, 187, 171, 76, 83, 128, 114, 83, 173, 107, 190, 88, 145, 195, 48, 195, 145, 14, 173, 195, 107, 83, 128, 94, 26, 187, 105, 195, 195, 83, 187, 54, 128, 128, 157, 27, 127, 26, 49, 12, 112, 107, 186, 54, 69, 25, 195, 76, 157, 177, 12, 102, 128, 12, 145, 10, 69, 36, 159, 130, 121, 94, 95, 128, 177, 114, 10, 121, 94, 193, 121, 178, 114, 14, 155, 112, 178, 171, 54, 114, 130, 105, 49, 130, 48, 145, 99, 187, 165, 192, 130, 114, 178, 12, 52, 26, 62, 177, 25, 86, 26, 130, 171, 18, 114, 95, 69, 159, 155, 12, 186, 178, 86, 95, 86, 14, 171, 159, 99, 66, 86, 86, 127, 94, 114, 54, 193, 84, 36, 12, 49, 195, 159, 69, 169, 48, 83, 127, 187, 165, 86, 193, 186, 195, 84, 159, 128, 130, 48, 165, 10, 186, 14, 25, 72, 168, 135, 76, 54, 83, 12, 130, 94, 169, 14, 187, 114, 4, 48, 1, 171, 145, 195, 130, 69, 76, 175, 114, 130, 95, 26, 99, 187, 76, 128, 86, 193, 135, 195, 94, 49, 102, 175, 177, 95, 59, 99, 26, 12, 107, 83, 173, 159, 114, 52, 76, 195, 102, 159, 193, 4, 187, 130, 128, 135, 54, 178, 14, 177, 12, 175, 77, 130, 105, 145, 186, 165, 18, 190, 49, 65, 128, 65, 83, 49, 192, 99, 130, 54, 130, 12, 83, 81, 175, 52, 155, 130, 54, 130, 49, 52, 175, 83, 1, 186, 114, 65, 155, 26, 187, 128, 157, 189, 155, 187, 12, 178, 49, 155, 137, 159, 114, 130, 130, 114, 81, 14, 128, 26, 26, 135, 62, 93, 105, 48, 175, 128, 65, 25, 49, 130, 121, 105, 10, 127, 190, 81, 97, 14, 171, 107, 76, 25, 114, 26, 155, 54, 76, 66, 10, 76, 36, 36, 187, 195, 48, 14, 99, 178, 95, 195, 195, 53, 195, 157, 130, 128, 135, 25, 195, 130, 178, 177, 12, 186, 130, 159, 99, 135, 102, 76, 4, 48, 95, 157, 130, 190, 193, 157, 195, 81, 171, 4, 12, 62, 155, 155, 49, 76, 190, 54, 121, 102, 26, 69, 36, 57, 128, 173, 177, 130, 4, 171, 14, 50, 178, 94, 157, 178, 159, 192, 159, 186, 52, 97, 49, 26, 155, 157, 54, 130, 195, 77, 65, 178, 128, 94, 31, 128, 178, 127, 187, 173, 76, 168, 54, 195, 26, 171, 36, 178, 159, 169, 86, 105, 157, 48, 10, 107, 12, 193, 26, 81, 147, 86, 114, 187, 130, 195, 76, 81, 135, 193, 171, 42, 186, 26, 187, 94, 178, 127, 10, 10, 195, 114, 173, 49, 130, 54, 83, 14, 157, 86, 77, 178, 74, 76, 146, 130, 76, 114, 128, 135, 171, 187, 83, 76, 128, 10, 155, 169, 102, 195, 195, 83, 130, 155, 52, 195, 12, 12, 27, 10, 159, 173, 26, 81, 36, 169, 105, 26, 48, 4, 41, 171, 193, 127, 130, 149, 186, 49, 195, 121, 14, 130, 193, 95, 114, 157, 10, 94, 76, 36, 49, 130, 12, 130, 195, 178, 114, 83, 187, 169, 111, 121, 76, 149, 175, 36, 114, 54, 130, 49, 178, 155, 193, 83, 195, 130, 83, 155, 192, 49, 169, 76, 182, 69, 135, 94, 128, 195, 155, 86, 178, 27, 86, 187, 83, 54, 169, 157, 12, 173, 135, 114, 94, 135, 169, 114, 12, 114, 186, 36, 83, 102, 157, 177, 95, 14, 127, 178, 54, 14, 12, 86, 193, 135, 189, 34, 1, 159, 105, 112, 177, 12, 54, 62, 187, 26, 12, 62, 52, 145, 186, 32, 178, 147, 187, 12, 193, 54, 14, 27, 168, 192, 193, 128, 157, 86, 46, 76, 114, 26, 114, 155, 178, 10, 171, 155, 54, 24, 14, 178, 190, 195, 130, 186, 157, 193, 171, 14, 145, 195, 157, 112, 112, 190, 147, 186, 128, 149, 4, 155, 64, 69, 94, 130, 168, 159, 130, 102, 193, 177, 12, 195, 192, 107, 25, 145, 186, 186, 10, 112, 14, 193, 83, 24, 54, 27, 159, 175, 12, 128, 148, 49, 146, 171, 105, 121, 10, 14, 155, 195, 102, 186, 48, 48, 193, 54, 2, 128, 190, 12, 105, 186, 177, 48, 149, 12, 182, 130, 48, 105, 127, 114, 182, 94, 54, 93, 94, 112, 105, 155, 175, 155, 48, 26, 10, 14, 99, 193, 159, 12, 127, 16, 49, 54, 165, 76, 105, 86, 168, 193, 69, 177, 69, 155, 193, 65, 54, 81, 190, 112, 178, 14, 76, 10, 187, 193, 54, 76, 195, 177, 10, 127, 54, 148, 69, 159, 48, 148, 178, 114, 48, 193, 12, 186, 155, 12, 128, 173, 41, 42, 83, 175, 130, 128, 177, 155, 76, 190, 77, 178, 107, 27, 195, 195, 147, 36, 171, 128, 195, 107, 102, 195, 130, 83, 4, 14, 130, 190, 178, 178, 121, 34, 76, 10, 49, 94, 18, 12, 105, 193, 186, 114, 159, 12, 127, 130, 10, 14, 128, 12, 137, 54, 54, 52, 107, 102, 14, 12, 69, 182, 94, 83, 91, 128, 127, 86, 94, 54, 52, 112, 177, 175, 49, 102, 12, 107, 171, 139, 178, 127, 159, 48, 147, 65, 195, 26, 114, 76, 65, 48, 76, 107, 165, 114, 187, 165, 77, 26, 130, 159, 54, 12, 193, 12, 95, 169, 69, 128, 52, 187, 128, 144, 83, 49, 12, 10, 195, 195, 186, 186, 102, 54, 159, 54, 190, 26, 26, 114, 10, 187, 130, 145, 94, 155, 4, 193, 36, 49, 94, 94, 54, 112, 159, 128, 10, 95, 169, 69, 112, 48, 171, 155, 12, 195, 114, 121, 128, 26, 159, 48, 190, 193, 105, 26, 54, 12, 193, 27, 54, 128, 1, 76, 195, 4, 25, 145, 130, 114, 48, 193, 97, 168, 171, 51, 99, 102, 110, 128, 178, 69, 24, 99, 14, 105, 52, 46, 195, 178, 167, 121, 74, 62, 168, 99, 46, 130, 65, 12, 83, 187, 12, 12, 155, 177, 76, 54, 83, 195, 83, 159, 193, 1, 26, 130, 26, 173, 57, 26, 65, 12, 65, 187, 193, 187, 54, 51, 195, 48, 41, 193, 178, 49, 49, 26, 135, 54, 74, 193, 157, 145, 187, 173, 114, 171, 155, 54, 14, 62, 114, 65, 127, 193, 177, 155, 178, 102, 187, 195, 14, 195, 86, 155, 128, 76, 105, 94, 54, 189, 18, 190, 130, 114, 112, 155, 10, 127, 135, 195, 62, 130, 48, 52, 105, 95, 107, 83, 130, 83, 48, 49, 169, 114, 135, 114, 26, 157, 127, 178, 128, 94, 114, 127, 94, 193, 10, 65, 111, 94, 86, 83, 94, 169, 175, 105, 162, 69, 69, 81, 27, 193, 76, 25, 46, 48, 91, 155, 83, 65, 195, 130, 114, 83, 195, 155, 187, 57, 178, 157, 155, 193, 186, 12, 12, 193, 48, 81, 193, 12, 149, 83, 145, 26, 76, 81, 94, 49, 178, 54, 77, 102, 193, 49, 155, 146, 81, 48, 171, 10, 10, 171, 130, 48, 10, 45, 130, 114, 114, 110, 54, 187, 193, 49, 12, 128, 193, 12, 95, 173, 128, 157, 86, 10, 84, 121, 193, 193, 105, 4, 94, 114, 128, 4, 86, 155, 52, 69, 94, 178, 76, 178, 135, 94, 178, 94, 159, 26, 149, 169, 83, 36, 114, 114, 65, 190, 18, 50, 1, 112, 83, 114, 130, 14, 178, 49, 130, 187, 86, 54, 26, 26, 192, 114, 46, 52, 114, 14, 26, 178, 83, 195, 190, 99, 193, 155, 127, 17, 99, 48, 102, 54, 193, 187, 159, 171, 94, 114, 4, 155, 169, 190, 130, 107, 186, 107, 48, 14, 139, 12, 187, 69, 48, 186, 177, 128, 14, 130, 14, 81, 114, 157, 121, 102, 12, 76, 102, 189, 130, 46, 105, 128, 66, 10, 171, 130, 102, 193, 54, 177, 36, 76, 175, 48, 187, 130, 130, 54, 83, 99, 168, 130, 54, 112, 155, 14, 137, 157, 195, 14, 52, 135, 105, 186, 121, 190, 135, 193, 84, 10, 182, 190, 94, 121, 162, 137, 48, 135, 25, 159, 54, 12, 187, 49, 76, 130, 12, 193, 114, 195, 165, 14, 48, 190, 76, 49, 155, 26, 193, 1, 14, 99, 171, 26, 54, 175, 193, 187, 12, 145, 162, 147, 130, 12, 27, 54, 155, 171, 76, 157, 114, 107, 86, 83, 105, 171, 25, 69, 130, 193, 177, 86, 85, 175, 195, 114, 155, 14, 159, 10, 26, 10, 193, 193, 86, 135, 74, 114, 121, 12, 195, 193, 193, 155, 14, 195, 159, 195, 94, 190, 135, 95, 27, 148, 128, 182, 157, 48, 128, 102, 107, 107, 178, 121, 168, 94, 57, 155, 83, 114, 157, 195, 105, 145, 159, 130, 102, 193, 178, 50, 130, 65, 130, 128, 178, 65, 54, 195, 195, 22, 170, 193, 193, 110, 128, 187, 177, 182, 157, 135, 114, 14, 130, 83, 159, 159, 157, 95, 187, 18, 26, 128, 178, 155, 69, 159, 193, 94, 64, 114, 69, 105, 186, 48, 107, 86, 26, 102, 130, 114, 187, 130, 107, 99, 49, 54, 105, 187, 25, 186, 110, 99, 94, 114, 155, 195, 177, 4, 193, 127, 49, 10, 159, 114, 105, 155, 12, 94, 57, 83, 114, 178, 105, 65, 65, 76, 128, 99, 26, 145, 41, 130, 178, 10, 187, 155, 46, 114, 128, 76, 127, 76, 99, 12, 97, 76, 54, 195, 171, 130, 193, 41, 76, 48, 54, 127, 193, 186, 54, 178, 76, 83, 54, 195, 12, 88, 169, 69, 26, 190, 4, 195, 76, 173, 193, 127, 195, 12, 76, 146, 128, 193, 54, 130, 178, 36, 54, 128, 49, 128, 186, 155, 114, 195, 193, 157, 135, 69, 94, 49, 178, 178, 145, 14, 146, 18, 130, 128, 128, 127, 114, 159, 12, 51, 64, 130, 127, 10, 130, 173, 187, 157, 195, 145, 94, 186, 42, 54, 12, 159, 195, 46, 36, 49, 83, 193, 97, 169, 65, 69, 54, 14, 130, 114, 193, 168, 14, 193, 102, 51, 157, 49, 83, 195, 155, 178, 77, 139, 130, 83, 10, 48, 48, 114, 146, 193, 178, 182, 10, 168, 193, 173, 1, 186, 48, 74, 49, 12, 102, 173, 12, 49, 193, 76, 177, 114, 193, 182, 155, 135, 128, 187, 12, 10, 193, 157, 114, 12, 178, 76, 83, 49, 34, 69, 175, 49, 195, 168, 54, 54, 26, 193, 62, 10, 105, 94, 10, 195, 195, 186, 1, 83, 186, 130, 159, 128, 193, 130, 155, 49, 128, 14, 76, 12, 187, 127, 157, 187, 121, 171, 168, 10, 195, 83, 135, 16, 48, 10, 46, 130, 195, 26, 62, 195, 99, 83, 26, 107, 99, 48, 177, 94, 121, 145, 12, 52, 155, 128, 107, 114, 128, 76, 95, 114, 130, 12, 14, 102, 177, 86, 54, 130, 193, 128, 112, 83, 114, 48, 26, 127, 175, 84, 81, 171, 168, 69, 25, 14, 102, 157, 4, 114, 187, 94, 114, 83, 102, 48, 155, 130, 114, 155, 48, 48, 65, 130, 94, 139, 155, 105, 42, 69, 145, 10, 186, 54, 12, 159, 146, 14, 169, 10, 102, 195, 49, 25, 49, 76, 187, 12, 128, 190, 54, 187, 171, 48, 65, 128, 171, 171, 74, 76, 148, 187, 102, 155, 72, 54, 178, 94, 12, 145, 149, 54, 127, 130, 54, 193, 171, 114, 193, 12, 178, 52, 130, 130, 193, 178, 145, 127, 193, 187, 178, 69, 193, 81, 57, 193, 10, 86, 159, 195, 83, 159, 145, 27, 169, 128, 186, 36, 135, 193, 169, 10, 83, 48, 36, 62, 83, 76, 76, 186, 173, 12, 48, 159, 54, 173, 97, 171, 139, 46, 128, 46, 128, 127, 157, 76, 49, 171, 155, 81, 193, 114, 135, 54, 155, 159, 14, 54, 178, 12, 12, 107, 112, 14, 177, 193, 169, 94, 14, 114, 157, 159, 41, 145, 83, 193, 48, 12, 195, 26, 114, 83, 186, 130, 10, 54, 107, 157, 186, 36, 10, 62, 135, 10, 26, 48, 99, 48, 69, 102, 189, 99, 157, 10, 186, 76, 190, 175, 54, 94, 74, 159, 112, 171, 25, 171, 187, 159, 190, 192, 83, 135, 128, 102, 95, 155, 145, 148, 170, 95, 14, 14, 178, 159, 127, 193, 12, 128, 177, 175, 157, 178, 12, 76, 83, 178, 114, 114, 54, 64, 76, 128, 14, 130, 178, 54, 12, 14, 171, 195, 114, 195, 110, 76, 99, 74, 10, 48, 171, 182, 95, 169, 168, 186, 76, 139, 187, 114, 27, 171, 12, 187, 83, 137, 193, 69, 187, 52, 159, 186, 76, 195, 105, 10, 145, 14, 171, 36, 195, 14, 128, 52, 187, 157, 25, 14, 130, 178, 34, 195, 49, 48, 148, 146, 130, 76, 195, 49, 130, 135, 195, 171, 114, 145, 193, 128, 173, 190, 62, 76, 88, 36, 178, 62, 114, 175, 2, 84, 130, 193, 112, 27, 12, 178, 94, 192, 186, 178, 114, 34, 50, 114, 83, 84, 114, 76, 186, 178, 65, 128, 171, 65, 49, 83, 86, 135, 155, 69, 105, 155, 187, 178, 41, 107, 81, 128, 12, 193, 42, 25, 102, 14, 195, 130, 102, 25, 102, 187, 76, 157, 128, 53, 102, 69, 187, 175, 14, 178, 155, 178, 49, 193, 52, 48, 26, 159, 195, 48, 165, 25, 157, 159, 155, 105, 107, 95, 24, 144, 83, 169, 76, 147, 139, 195, 139, 54, 195, 130, 36, 178, 159, 107, 110, 195, 193, 130, 46, 107, 175, 83, 139, 130, 83, 114, 177, 10, 52, 162, 187, 107, 114, 130, 65, 157, 173, 76, 190, 52, 130, 54, 193, 189, 135, 49, 10, 105, 157, 94, 121, 171, 171, 54, 177, 155, 27, 155, 171, 114, 175, 94, 114, 127, 105, 102, 69, 171, 65, 175, 83, 193, 128, 51, 195, 192, 178, 105, 157, 195, 155, 195, 178, 193, 12, 18, 128, 69, 86, 10, 14, 186, 69, 177, 24, 1, 186, 178, 195, 178, 159, 187, 157, 128, 48, 26, 155, 178, 195, 65, 69, 105, 155, 76, 54, 187, 54, 65, 171, 193, 178, 155, 171, 83, 76, 159, 135, 10, 81, 187, 149, 175, 10, 169, 54, 193, 130, 195, 155, 4, 107, 114, 14, 84, 159, 69, 4, 130, 48, 190, 155, 54, 157, 94, 12, 157, 175, 114, 157, 159, 186, 187, 169, 168, 83, 159, 94, 187, 195, 146, 12, 155, 46, 10, 130, 48, 91, 94, 48, 107, 130, 130, 14, 83, 112, 177, 178, 193, 128, 192, 12, 178, 195, 49, 25, 54, 114, 25, 27, 14, 10, 128, 102, 121, 48, 36, 94, 112, 114, 76, 178, 193, 193, 165, 195, 186, 52, 127, 41, 187, 193, 85, 130, 189, 54, 130, 112, 14, 86, 66, 187, 26, 14, 193, 107, 14, 193, 14, 178, 128, 193, 69, 41, 148, 65, 102, 171, 173, 178, 127, 130, 128, 175, 127, 69, 69, 54, 175, 114, 83, 193, 65, 128, 57, 175, 48, 4, 169, 12, 137, 49, 14, 186, 128, 12, 187, 83, 195, 107, 107, 155, 54, 94, 107, 76, 157, 10, 130, 84, 14, 12, 4, 195, 128, 187, 193, 46, 99, 94, 48, 54, 193, 114, 110, 94, 169, 175, 14, 190, 42, 10, 12, 102, 195, 114, 10, 65, 25, 12, 105, 130, 54, 178, 162, 121, 18, 173, 69, 130, 159, 53, 130, 12, 27, 114, 10, 65, 97, 114, 12, 130, 112, 178, 128, 12, 178, 10, 159, 178, 187, 76, 130, 190, 12, 48, 102, 178, 135, 69, 178, 135, 42, 195, 175, 157, 128, 157, 76, 114, 159, 86, 159, 175, 42, 157, 102, 127, 81, 195, 130, 24, 177, 86, 130, 159, 187, 130, 62, 171, 128, 26, 195, 171, 26, 25, 173, 168, 157, 195, 157, 130, 107, 157, 139, 52, 193, 155, 76, 114, 135, 112, 114, 157, 54, 178, 94, 149, 25, 14, 159, 114, 14, 157, 186, 155, 4, 168, 107, 173, 57, 12, 189, 182, 127, 99, 187, 24, 175, 187, 190, 46, 83, 10, 62, 48, 65, 159, 10, 69, 157, 69, 173, 171, 193, 190, 159, 10, 62, 12, 193, 94, 193, 36, 49, 178, 159, 187, 186, 186, 169, 102, 168, 54, 187, 145, 169, 83, 169, 128, 107, 107, 49, 54, 76, 54, 177, 14, 49, 157, 155, 127, 10, 127, 193, 94, 127, 42, 22, 41, 49, 114, 157, 137, 54, 48, 48, 169, 76, 187, 83, 190, 54, 193, 27, 187, 12, 171, 182, 193, 162, 54, 178, 114, 107, 84, 83, 128, 145, 76, 34, 186, 127, 52, 186, 190, 95, 76, 26, 175, 49, 127, 187, 12, 130, 12, 130, 65, 157, 165, 14, 14, 169, 105, 177, 157, 77, 147, 48, 149, 193, 76, 171, 192, 10, 94, 112, 127, 157, 195, 135, 14, 49, 112, 54, 177, 2, 48, 69, 94, 99, 17]
[171, 168, 48, 145, 48, 159, 83, 159, 148, 190, 178, 190, 127, 86, 49, 195, 52, 10, 193, 12, 193, 25, 192, 130, 178, 130, 54, 26, 54, 65, 69, 128, 127, 130, 178, 135, 155, 62, 101, 105, 48, 168, 48, 145, 48, 76, 48, 76, 53, 105, 112, 99, 112, 105, 112, 99, 112, 99, 112, 177, 54, 177, 54, 26, 54, 26, 54, 25, 12, 193, 12, 193, 48, 76, 165, 178, 130, 54, 175, 114, 128, 114, 195, 49, 195, 49, 195, 187, 83, 135, 155, 69, 10, 86, 130, 94, 130, 94, 130, 94, 74, 169, 74, 175, 4, 83, 187, 114, 54, 177, 54, 76, 114, 76, 48, 114, 182, 175, 114, 128, 114, 128, 114, 76, 114, 54, 130, 49, 76, 114, 76, 48, 76, 48, 145, 65, 189, 65, 178, 130, 114, 128, 114, 128, 127, 102, 171, 157, 52, 91, 54, 83, 159, 148, 159, 83, 159, 186, 193, 102, 114, 128, 94, 130, 178, 127, 130, 178, 169, 94, 95, 94, 130, 157, 193, 12, 193, 187, 195, 187, 195, 187, 195, 52, 102, 130, 94, 127, 128, 127, 128, 83, 159, 128, 114, 128, 114, 128, 195, 52, 193, 12, 91, 187, 195, 49, 26, 159, 83, 159, 105, 27, 105, 112, 105, 171, 157, 171, 49, 178, 130, 52, 102, 14, 195, 114, 128, 127, 105, 192, 173, 167, 10, 69, 10, 69, 10, 69, 10, 86, 49, 195, 186, 195, 52, 102, 130, 178, 190, 12, 190, 130, 54, 177, 54, 81, 128, 127, 195, 49, 195, 114, 195, 135, 155, 192, 112, 168, 48, 107, 42, 88, 18, 69, 65, 69, 195, 112, 105, 162, 187, 195, 76, 127, 177, 83, 57, 173, 27, 42, 36, 42, 195, 128, 127, 22, 193, 12, 193, 12, 193, 187, 48, 65, 189, 65, 189, 65, 130, 110, 64, 95, 157, 157, 171, 157, 99, 127, 128, 121, 159, 83, 137, 193, 12, 12, 193, 177, 187, 195, 159, 83, 159, 94, 130, 178, 130, 128, 127, 128, 127, 128, 127, 128, 62, 155, 139, 54, 177, 54, 26, 54, 177, 41, 128, 139, 26, 86, 62, 49, 76, 48, 145, 177, 84, 130, 178, 94, 94, 130, 76, 155, 135, 155, 135, 114, 128, 128, 114, 48, 168, 48, 155, 14, 187, 86, 49, 195, 49, 94, 14, 187, 10, 69, 10, 42, 36, 42, 127, 128, 127, 195, 187, 195, 193, 12, 193, 157, 187, 14, 187, 107, 186, 4, 175, 155, 145, 48, 145, 48, 130, 178, 130, 178, 190, 83, 94, 130, 94, 130, 178, 169, 12, 193, 54, 121, 41, 41, 49, 26, 54, 159, 83, 121, 83, 159, 4, 46, 25, 12, 10, 65, 48, 69, 10, 49, 195, 114, 178, 17, 157, 171, 135, 155, 62, 155, 24, 155, 24, 155, 135, 155, 135, 178, 193, 26, 114, 76, 46, 107, 186, 107, 186, 26, 189, 65, 49, 114, 195, 76, 12, 193, 175, 86, 114, 76, 114, 107, 186, 107, 157, 12, 128, 127, 14, 187, 102, 114, 76, 48, 145, 48, 155, 135, 69, 10, 105, 27, 34, 10, 99, 112, 171, 157, 171, 157, 171, 76, 4, 49, 195, 83, 159, 83, 121, 177, 54, 26, 54, 76, 192, 173, 192, 94, 130, 178, 130, 178, 18, 69, 77, 69, 65, 189, 178, 130, 54, 186, 107, 186, 107, 186, 187, 167, 173, 139, 26, 54, 26, 54, 189, 65, 189, 157, 171, 69, 10, 99, 112, 187, 86, 10, 114, 121, 130, 178, 130, 94, 187, 102, 130, 178, 130, 159, 169, 74, 170, 102, 159, 83, 121, 83, 159, 83, 159, 137, 46, 177, 178, 190, 178, 127, 128, 130, 178, 26, 54, 26, 54, 26, 94, 130, 178, 190, 178, 182, 98, 182, 175, 177, 54, 175, 4, 175, 4, 175, 4, 130, 178, 190, 178, 159, 65, 69, 195, 187, 10, 86, 62, 145, 48, 76, 54, 94, 130, 195, 49, 195, 187, 14, 187, 102, 171, 157, 169, 74, 46, 36, 84, 130, 178, 130, 94, 130, 178, 190, 26, 169, 94, 130, 178, 169, 94, 48, 145, 48, 145, 167, 173, 10, 86, 49, 195, 187, 94, 130, 130, 178, 128, 127, 128, 114, 102, 130, 193, 48, 95, 130, 94, 130, 178, 169, 195, 65, 69, 10, 69, 10, 86, 14, 187, 14, 187, 27, 139, 112, 99, 112, 99, 112, 99, 95, 105, 27, 175, 12, 25, 12, 195, 49, 195, 52, 102, 130, 94, 130, 95, 46, 146, 81, 159, 69, 77, 69, 189, 65, 69, 10, 69, 86, 49, 195, 76, 48, 76, 48, 157, 26, 168, 48, 128, 114, 128, 127, 94, 76, 195, 84, 130, 178, 193, 12, 62, 155, 102, 130, 94, 130, 178, 190, 48, 145, 48, 49, 48, 145, 112, 155, 76, 114, 193, 12, 128, 128, 157, 130, 178, 130, 178, 130, 190, 178, 130, 128, 49, 195, 52, 102, 130, 178, 157, 171, 157, 155, 127, 128, 195, 193, 12, 193, 12, 84, 130, 84, 130, 177, 128, 114, 186, 190, 114, 128, 114, 76, 48, 76, 48, 145, 48, 76, 48, 145, 48, 193, 195, 49, 195, 12, 193, 12, 105, 121, 83, 186, 107, 186, 107, 186, 171, 27, 34, 110, 46, 36, 195, 54, 175, 4, 175, 52, 102, 114, 76, 49, 93, 66, 178, 169, 94, 130, 54, 177, 54, 177, 54, 88, 18, 69, 193, 12, 193, 157, 112, 99, 112, 27, 34, 110, 46, 95, 105, 51, 193, 45, 16, 186, 107, 128, 114, 76, 48, 76, 48, 76, 86, 4, 175, 110, 26, 48, 76, 195, 10, 69, 65, 91, 49, 195, 145, 26, 182, 175, 4, 175, 4, 112, 177, 41, 130, 2, 155, 135, 155, 26, 54, 177, 54, 25, 122, 155, 135, 105, 12, 195, 192, 49, 4, 175, 128, 127, 128, 49, 14, 187, 14, 187, 14, 187, 14, 193, 12, 193, 4, 157, 190, 173, 128, 26, 168, 48, 94, 130, 94, 130, 178, 130, 112, 105, 27, 105, 102, 145, 48, 145, 114, 155, 62, 155, 26, 145, 130, 178, 4, 76, 4, 195, 12, 193, 12, 193, 12, 193, 12, 193, 157, 155, 52, 102, 187, 178, 130, 114, 128, 127, 128, 114, 76, 99, 127, 128, 114, 10, 86, 54, 121, 83, 159, 81, 57, 81, 102, 14, 187, 14, 187, 178, 190, 178, 76, 114, 76, 48, 178, 190, 65, 69, 171, 157, 171, 157, 171, 157, 193, 195, 159, 62, 25, 12, 25, 135, 187, 69, 10, 69, 10, 69, 10, 86, 49, 195, 49, 52, 102, 14, 187, 102, 14, 94, 99, 69, 102, 14, 187, 195, 49, 195, 49, 130, 178, 190, 178, 168, 48, 145, 52, 102, 14, 187, 102, 14, 187, 128, 48, 76, 102, 26, 54, 177, 54, 177, 54, 26, 54, 65, 69, 10, 105, 51, 105, 48, 168, 48, 18, 69, 10, 86, 187, 42, 83, 128, 54, 25, 72, 155, 135, 155, 62, 155, 48, 76, 135, 159, 192, 135, 155, 4, 175, 195, 169, 94, 155, 135, 155, 135, 155, 69, 65, 189, 175, 4, 26, 54, 26, 54, 46, 36, 42, 36, 42, 36, 42, 178, 10, 114, 128, 114, 76, 76, 65, 195, 149, 10, 86, 76, 48, 4, 10, 94, 48, 62, 155, 128, 127, 128, 155, 135, 155, 14, 94, 95, 12, 193, 195, 187, 102, 14, 187, 14, 187, 195, 49, 195, 195, 189, 65, 189, 65, 69, 65, 193, 12, 193, 12, 193, 12, 49, 195, 49, 195, 187, 195, 52, 102, 18, 48, 145, 48, 12, 128, 114, 193, 12, 155, 62, 155, 171, 65, 69, 193, 12, 193, 175, 4, 146, 173, 192, 190, 155, 62, 130, 178, 190, 81, 159, 94, 130, 84, 130, 178, 130, 48, 76, 114, 95, 105, 27, 34, 110, 41, 186, 135, 155, 135, 12, 193, 178, 190, 193, 157, 155, 135, 155, 135, 155, 95, 46, 173, 74, 12, 193, 12, 25, 12, 193, 12, 54, 177, 48, 76, 114, 128, 127, 22, 155, 135, 155, 135, 171, 157, 147, 157, 48, 145, 48, 76, 187, 102, 14, 187, 14, 187, 14, 187, 14]
[130, 65, 91, 14, 187, 128, 114, 76, 114, 36, 26, 54, 26, 130, 94, 34, 110, 46, 173, 121, 83]
time
3.4369418621063232
