lam_list
 [[0.2, 0.8, 0.0], [0.8, 0.2, 0.0], [0.2, 0.4, 0.4]]
excute_time
 0.785
epsilon_list_1
 ['0.1', '0.067', '0.05', '0.04', '0.033', '0.0286', '0.025']
sampling_time
 20
acc_reses
[0.9514015641855547, 0.9693521550182531, 0.9709390745113508, 0.9804603572665093, 0.9922991206301294, 0.9864849624121547, 0.9911870793997374, 0.9516221440982151, 0.9759857265536347, 0.9792108076256396, 0.9842580672949135, 0.9786697635103863, 0.9743304393530174, 0.9905997868207961, 0.9430046445552626, 0.9724810122620502, 0.980752770345902, 0.9852308782811632, 0.985477877316829, 0.9902989676899403, 0.9890198517448731, 0.9594110266275282, 0.969992675984609, 0.9800774757708123, 0.9708209576163541, 0.9847960455547338, 0.9879266090203567, 0.9926228214520165, 0.9461769682528912, 0.9783800688469022, 0.9784112625183381, 0.9845205497508784, 0.9885610043178205, 0.9850107212838897, 0.9919713301125695, 0.9395304851192722, 0.9686410285842231, 0.9778302559039271, 0.9849388698367144, 0.9867872212087381, 0.9902315879500829, 0.99162464755545, 0.9566864280428647, 0.9702548558575658, 0.9758989674563742, 0.9859354906409048, 0.9887557080115205, 0.9881919319434772, 0.99220920949537, 0.9742554151538209, 0.9755868371349327, 0.9753625683669562, 0.9891842355131494, 0.9832359809763186, 0.9883081923841889, 0.9882036847667345, 0.9453258788206051, 0.9596528025581319, 0.9772026364578427, 0.9824070206185228, 0.987091230243637, 0.9899806461411677, 0.9881437726850747, 0.9489503983177471, 0.9635375315452511, 0.9792320162221902, 0.985738497319571, 0.9870330080758516, 0.9887677364543616, 0.991506588413211, 0.9634047358071142, 0.9780019785782732, 0.9730951464700703, 0.9856800003630422, 0.986884662276012, 0.9886060651548408, 0.9897568523694398, 0.9273803151710956, 0.9667716417055321, 0.9668619304183447, 0.98528120954214, 0.9895734034665957, 0.9894458896870187, 0.9847828410074447, 0.9656687505772964, 0.9750994422001269, 0.9800012674491609, 0.984448008657696, 0.9835311725684052, 0.98250867148356, 0.9881051334215114, 0.952858341458206, 0.9664068170456507, 0.9781981630106691, 0.9815034982333869, 0.9891761604414453, 0.9860851315330796, 0.9856623083082874, 0.9522040336097817, 0.9659136766681425, 0.9761749716879305, 0.9759504799754649, 0.9862621288438178, 0.9895653609680471, 0.9882614861222682, 0.9617278970790722, 0.9725368724049663, 0.9814678752831871, 0.9770421938832562, 0.9819662327680954, 0.9894114865214727, 0.9874149095315745, 0.9643111874850508, 0.9724384305701783, 0.9700572982653868, 0.985262485876453, 0.9879014680567084, 0.985690242557338, 0.9894548650237547, 0.9574104310197594, 0.9762593321900944, 0.9797760597755706, 0.9750108514252792, 0.987650438166757, 0.9873159897057362, 0.9872306225013092, 0.9272885277549422, 0.974105969510027, 0.9702324752317751, 0.9883759977226845, 0.9837339127068421, 0.9889786164835929, 0.9895052251905183, 0.9562388961022082, 0.9478081678726418, 0.9727625088097649, 0.978472223189743, 0.9887623777290105, 0.9827268232577128, 0.9907825897927602]
[0.9623545396350929, 0.9845826354986604, 0.9826252295686067, 0.9888956472833205, 0.992036550252164, 0.9934337060807255, 0.9948246168164441, 0.9779617488829077, 0.9865144195530083, 0.9897300599147366, 0.9907202245787428, 0.9904790096920167, 0.9929299373667249, 0.992120055650936, 0.9741247107376226, 0.9868284837568686, 0.9879769252281503, 0.9924963627261989, 0.9929528189223535, 0.9932086615624971, 0.9927255834527807, 0.9731225036001032, 0.9822388387171614, 0.9835259459938982, 0.9886447272322934, 0.9891006215176433, 0.9936922556363063, 0.9928560659545882, 0.9719754591361967, 0.9807396259769712, 0.9841818766767448, 0.9902004858374223, 0.988319386151501, 0.990251288909937, 0.9893377116884979, 0.9795112656536294, 0.9780901513666754, 0.987763150429238, 0.99024497642585, 0.9931450833750073, 0.9927760878979353, 0.9948771001653494, 0.9663314962346745, 0.9787276175853561, 0.9898872321813442, 0.98847638591302, 0.9936855195659597, 0.9900606958345955, 0.9933660896730917, 0.9746622266914703, 0.984658361789191, 0.9884690027112673, 0.9912178666583559, 0.9903060778165743, 0.9934671841039352, 0.9914806230739605, 0.9689986314249771, 0.9728748460013359, 0.9866744704326669, 0.9918721426190464, 0.9935729652993688, 0.9920577482421024, 0.9954531734985216, 0.9766304836217209, 0.9786504273103731, 0.9871216488626089, 0.9887452542784474, 0.9907473576000658, 0.9914589132362064, 0.9941722244141006, 0.9782378371238517, 0.9821285681044778, 0.9819230431315065, 0.9910080527627496, 0.993435358403419, 0.9926964980624444, 0.9933731468832979, 0.974426705087283, 0.9802045364134142, 0.9868767395137611, 0.9860554289908893, 0.9928111034084625, 0.9936428120871025, 0.9908780680287361, 0.9716667902560545, 0.9828087620204197, 0.9851364214770426, 0.9915149779082237, 0.992722507651421, 0.9927378527653845, 0.9959011052582156, 0.9739165157377788, 0.9813715352875936, 0.987419216076992, 0.9863298814018922, 0.9944485423088014, 0.9913730164356513, 0.9933285490382894, 0.975068356381213, 0.9837707352370394, 0.9866217258163434, 0.9902789130620662, 0.9914791069275719, 0.9934142188489345, 0.9923553654256237, 0.9817810228398987, 0.9853890348405259, 0.9892303839671389, 0.9930819420974561, 0.9923493777357304, 0.9903468189144364, 0.9921414318651965, 0.9736393473182755, 0.9854076023541244, 0.9889816657790977, 0.9910700506415657, 0.990835891638061, 0.9933669282314054, 0.9956095114359065, 0.9750492970770448, 0.9830022726878291, 0.9898184030302327, 0.990802847018085, 0.9935156513257698, 0.9936673330205728, 0.9939585361239028, 0.9680743455845646, 0.9848762019304289, 0.9928808034646915, 0.9908278210067819, 0.9924068676776301, 0.9907781394930241, 0.9930046257206364, 0.9803592901427214, 0.9819849195484333, 0.9917051506256055, 0.9903324028694153, 0.9897569641330904, 0.9925141943145745, 0.9939136260400955]
[0.9735820417646914, 0.9724283695196944, 0.9827699592291442, 0.9859157865889839, 0.9906137457315259, 0.9896179657054653, 0.9879185041291286, 0.963176232200242, 0.9744288499956005, 0.9807343188051579, 0.9833303758584027, 0.9913349065069373, 0.9874948344968079, 0.9901936911192055, 0.9472325304795317, 0.9693188055080535, 0.9817798239433145, 0.9864712218270385, 0.98318456900213, 0.9872542672933288, 0.9892961774041761, 0.9653867685751636, 0.9618591670580416, 0.9751481834085386, 0.9842647983827629, 0.9830156308041234, 0.9880414456977669, 0.9899168299875751, 0.9606182380748568, 0.9842164824738037, 0.9799161029000859, 0.9902795057752792, 0.9810897060293021, 0.9860707615965043, 0.9923586728424774, 0.9633566431622397, 0.9758191267427216, 0.9744126458510367, 0.9860677791912239, 0.9885514074936184, 0.98847980136079, 0.9853890951520791, 0.9485403322804795, 0.9599173103128358, 0.982389320089927, 0.9773398986622602, 0.989983936027815, 0.9828464636042256, 0.9898437281148702, 0.9652057436638837, 0.971665959193956, 0.9875685981336422, 0.9870991163336231, 0.9885677671531365, 0.9848860055929864, 0.9892523515874208, 0.9651540301433618, 0.9796410384479726, 0.9835269516249521, 0.9826088282033858, 0.9858445872086524, 0.9895521216708386, 0.9922990577160672, 0.9631494618190583, 0.9734925908121433, 0.9746202275588386, 0.9829687440379726, 0.9854487549160009, 0.9913629847775379, 0.9900613183144511, 0.9542527341775913, 0.9667145225329027, 0.9815894169846938, 0.9889260421003898, 0.9842601898413127, 0.9920632886163911, 0.9907607490361303, 0.9640158826748796, 0.9719306614689573, 0.9787360681313098, 0.9894638377230954, 0.990097567062043, 0.9888960045144635, 0.993044165973361, 0.9623749177560457, 0.9803297922428417, 0.9839850387544102, 0.9820024949624202, 0.9924640710824291, 0.9803619656713705, 0.9913723725143038, 0.9504436818164481, 0.9797488644303188, 0.9799333258738218, 0.9894930189161926, 0.9827218871156634, 0.9890326878801798, 0.9921290942025942, 0.9743823672586681, 0.9717883330019659, 0.9800014597656334, 0.9860461665471547, 0.9885946542293907, 0.9898602702752278, 0.9926088522834519, 0.9554607898331283, 0.9683681908312666, 0.9831527811725371, 0.980071219939803, 0.9793828287793053, 0.9916748705501258, 0.990288513359021, 0.9458083912329599, 0.9813943429249073, 0.9737894487180342, 0.9790823532220341, 0.9823515010962287, 0.9867298370686765, 0.9866417412308061, 0.954715567401861, 0.9808454577678842, 0.9844970931955979, 0.9783109494701044, 0.9899549438904852, 0.9915306119432689, 0.991745942660243, 0.9618171242080384, 0.9687021215910615, 0.9823563393176017, 0.9749285183529997, 0.990010733606127, 0.98933692275355, 0.9892002743927591, 0.968753399584673, 0.9729946417943119, 0.9811099130191613, 0.9843722733832849, 0.9828127444324155, 0.9883608136584496, 0.9900232303059918]
CNOT_numses
[7712, 10772, 15006, 18018, 22534, 25548, 29804, 7450, 11654, 15374, 18484, 22552, 25964, 29766, 7452, 10828, 14868, 18436, 22716, 25810, 29794, 7288, 11490, 15442, 18416, 22800, 26064, 29614, 7158, 11078, 14994, 18722, 22190, 25490, 29722, 7346, 11026, 15028, 18200, 22650, 26144, 29782, 7648, 11012, 14932, 18506, 22584, 25962, 29928, 7292, 10964, 15062, 18562, 22794, 25764, 30510, 7874, 11020, 14654, 18290, 22540, 26364, 29904, 7464, 10924, 14808, 18402, 22690, 25882, 29878, 7418, 10962, 14966, 18384, 22466, 25762, 29422, 7398, 11146, 14776, 18964, 22734, 26104, 29356, 7540, 11008, 14850, 18510, 22722, 26146, 29924, 7428, 10906, 15112, 19082, 22568, 26162, 29766, 7574, 10900, 14984, 18222, 22430, 26024, 29576, 7304, 10928, 15144, 18652, 22764, 25762, 30164, 7706, 10912, 14922, 18966, 22758, 25726, 29264, 7488, 10984, 15068, 18620, 21938, 26210, 29396, 7400, 10636, 14918, 18510, 22092, 26524, 30302, 7442, 11066, 14742, 18908, 22336, 26098, 29906]
[13900, 20860, 27778, 35300, 42744, 48810, 56124, 14300, 20756, 27634, 34722, 42210, 48796, 55816, 14012, 20586, 27486, 34700, 43004, 48846, 56178, 13872, 20892, 28076, 34666, 42762, 48682, 56082, 14026, 20876, 27974, 35020, 42388, 48450, 56258, 14206, 20872, 27552, 35060, 42442, 48634, 55880, 14000, 20432, 27754, 35126, 42550, 48472, 55942, 14186, 20498, 28290, 34740, 42780, 49028, 56562, 14026, 20744, 27694, 34984, 42554, 48276, 56504, 13884, 21026, 28484, 34962, 42214, 48668, 56156, 13888, 20232, 27988, 34550, 42492, 48476, 55850, 13980, 20762, 27782, 34666, 42362, 49120, 56044, 14264, 20666, 27522, 35564, 42158, 48480, 55958, 14078, 21000, 28194, 35438, 42534, 49048, 55946, 13846, 20782, 27610, 35114, 42266, 49376, 56226, 13704, 20714, 27508, 34588, 42394, 49074, 55868, 13792, 20916, 28112, 35036, 42740, 48710, 55568, 13828, 20626, 27876, 35130, 42412, 49264, 55814, 13972, 20872, 27386, 34776, 42888, 49018, 55638, 13882, 20746, 27938, 34892, 43022, 48900, 55804]
[7674, 11276, 15596, 19074, 22600, 26316, 30556, 7456, 11054, 15122, 19498, 23232, 26494, 29866, 7446, 11566, 15078, 18676, 23110, 26908, 30358, 7464, 11308, 15488, 19044, 22884, 26202, 30788, 7778, 11522, 15020, 18704, 22852, 26798, 30410, 7622, 11456, 15114, 18826, 23022, 26976, 30588, 7484, 11240, 15024, 18950, 23312, 26744, 30538, 7588, 11158, 15250, 18968, 23538, 27286, 30058, 7342, 11082, 15418, 18858, 23130, 26904, 29988, 7748, 11460, 14886, 18966, 22670, 26626, 30438, 7736, 11366, 15646, 19092, 22830, 26794, 30068, 7476, 11328, 14916, 19226, 23184, 26646, 29800, 7562, 11346, 15478, 19170, 23164, 26360, 30214, 7454, 11442, 14868, 18950, 22770, 27056, 30192, 7504, 11132, 14948, 18532, 22690, 26414, 30796, 7560, 11328, 15130, 19370, 22612, 26846, 29698, 7780, 11286, 14944, 19128, 22836, 26840, 29566, 7670, 11172, 15096, 19626, 22722, 26442, 30478, 7508, 11732, 15104, 18996, 23104, 26562, 30066, 7376, 10998, 15204, 19140, 23218, 26104, 29948]
single_q_numses
[6358, 8781, 12235, 14742, 18289, 20677, 24263, 6136, 9581, 12735, 15062, 18607, 21439, 24313, 6084, 8917, 12191, 15140, 18565, 20963, 24293, 5958, 9551, 12877, 14930, 18837, 21383, 23945, 5692, 9097, 12355, 15332, 17909, 21009, 24303, 6030, 8981, 12413, 14822, 18599, 21467, 24291, 6312, 9061, 12119, 15104, 18475, 21833, 24429, 5868, 8815, 12393, 15122, 18731, 20851, 25285, 6576, 8923, 11763, 14944, 18521, 21617, 24679, 6052, 8865, 12197, 14948, 18363, 21127, 24507, 6100, 8989, 12129, 14798, 18469, 21195, 23955, 5996, 9163, 12017, 15564, 18659, 21387, 24033, 6186, 8989, 12059, 14944, 18435, 21303, 24283, 6056, 8901, 12407, 15680, 18571, 21465, 24285, 6246, 8725, 12241, 14874, 17955, 21277, 24407, 6114, 8973, 12255, 15324, 18543, 21205, 24625, 6302, 8791, 12347, 15652, 18893, 20781, 23849, 6158, 9009, 12257, 15082, 17873, 21527, 24013, 6068, 8617, 12383, 15308, 18075, 21757, 24877, 6024, 8963, 11851, 15502, 18229, 21283, 24539]
[8496, 12751, 16761, 21588, 26215, 29721, 34325, 8790, 12613, 16767, 21338, 25705, 29785, 33745, 8598, 12581, 16639, 21204, 26413, 29719, 34233, 8380, 12769, 17107, 21264, 26095, 29677, 34099, 8434, 12735, 17001, 21380, 26069, 29393, 34351, 8694, 12677, 16785, 21312, 25813, 29483, 34213, 8692, 12247, 16943, 21248, 26149, 29569, 34103, 8694, 12271, 17241, 21310, 26277, 29749, 34553, 8552, 12639, 16819, 21262, 25931, 29487, 34561, 8484, 12761, 17477, 21458, 25901, 29851, 34315, 8372, 12315, 16953, 20892, 25897, 29569, 33897, 8546, 12751, 16985, 21208, 25945, 30125, 34341, 8644, 12553, 16639, 21642, 25817, 29383, 34203, 8562, 12785, 17071, 21730, 25959, 29815, 34045, 8496, 12571, 16821, 21416, 25843, 30133, 34047, 8386, 12605, 16897, 20950, 25735, 29837, 34057, 8362, 12985, 17245, 21310, 26227, 29557, 33745, 8394, 12521, 16929, 21540, 25695, 30115, 34017, 8434, 12657, 16721, 21274, 26203, 29745, 33735, 8388, 12597, 16947, 21366, 26471, 29785, 34099]
[6240, 9059, 12645, 15558, 18115, 21165, 24809, 5984, 8841, 12231, 15730, 18757, 21413, 24073, 6010, 9375, 12277, 14900, 18507, 21801, 24449, 5978, 9293, 12679, 15600, 18523, 21203, 24781, 6286, 9309, 12115, 15148, 18357, 21443, 24795, 6098, 9221, 12317, 15178, 18725, 21879, 24595, 6004, 9147, 12021, 15138, 18891, 21631, 24799, 6134, 8963, 12497, 15352, 19031, 21991, 24079, 5790, 8857, 12483, 15082, 18649, 21799, 24151, 6184, 9237, 12137, 15416, 18261, 21753, 24629, 6412, 9099, 12681, 15346, 18387, 21537, 24103, 6020, 9181, 12185, 15408, 18753, 21585, 24119, 6092, 9183, 12509, 15584, 18659, 21295, 24377, 6050, 9203, 12025, 15272, 18331, 21667, 24267, 5984, 8963, 11961, 14806, 18145, 21165, 24993, 6116, 9101, 12131, 15672, 18399, 21579, 24079, 6312, 9091, 12113, 15336, 18439, 21785, 23839, 6296, 8997, 12141, 15902, 18147, 21297, 24935, 6028, 9435, 12241, 15408, 18815, 21507, 24341, 5832, 8817, 12095, 15600, 18821, 21121, 24161]
non-zero entry for P_0:
75625
non-zero entry for P_1:
515
non-zero entry for P_2:
2680
time
43119.65793633461
lam_list
 [[0.2, 0.8, 0.0], [0.8, 0.2, 0.0], [0.2, 0.4, 0.4]]
excute_time
 0.785
epsilon_list_1
 ['0.1', '0.067', '0.05', '0.04', '0.033', '0.0286', '0.025']
sampling_time
 20
acc_reses
[0.9514015641855547, 0.9693521550182531, 0.9709390745113508, 0.9804603572665093, 0.9922991206301294, 0.9864849624121547, 0.9911870793997374, 0.9516221440982151, 0.9759857265536347, 0.9792108076256396, 0.9842580672949135, 0.9786697635103863, 0.9743304393530174, 0.9905997868207961, 0.9430046445552626, 0.9724810122620502, 0.980752770345902, 0.9852308782811632, 0.985477877316829, 0.9902989676899403, 0.9890198517448731, 0.9594110266275282, 0.969992675984609, 0.9800774757708123, 0.9708209576163541, 0.9847960455547338, 0.9879266090203567, 0.9926228214520165, 0.9461769682528912, 0.9783800688469022, 0.9784112625183381, 0.9845205497508784, 0.9885610043178205, 0.9850107212838897, 0.9919713301125695, 0.9395304851192722, 0.9686410285842231, 0.9778302559039271, 0.9849388698367144, 0.9867872212087381, 0.9902315879500829, 0.99162464755545, 0.9566864280428647, 0.9702548558575658, 0.9758989674563742, 0.9859354906409048, 0.9887557080115205, 0.9881919319434772, 0.99220920949537, 0.9742554151538209, 0.9755868371349327, 0.9753625683669562, 0.9891842355131494, 0.9832359809763186, 0.9883081923841889, 0.9882036847667345, 0.9453258788206051, 0.9596528025581319, 0.9772026364578427, 0.9824070206185228, 0.987091230243637, 0.9899806461411677, 0.9881437726850747, 0.9489503983177471, 0.9635375315452511, 0.9792320162221902, 0.985738497319571, 0.9870330080758516, 0.9887677364543616, 0.991506588413211, 0.9634047358071142, 0.9780019785782732, 0.9730951464700703, 0.9856800003630422, 0.986884662276012, 0.9886060651548408, 0.9897568523694398, 0.9273803151710956, 0.9667716417055321, 0.9668619304183447, 0.98528120954214, 0.9895734034665957, 0.9894458896870187, 0.9847828410074447, 0.9656687505772964, 0.9750994422001269, 0.9800012674491609, 0.984448008657696, 0.9835311725684052, 0.98250867148356, 0.9881051334215114, 0.952858341458206, 0.9664068170456507, 0.9781981630106691, 0.9815034982333869, 0.9891761604414453, 0.9860851315330796, 0.9856623083082874, 0.9522040336097817, 0.9659136766681425, 0.9761749716879305, 0.9759504799754649, 0.9862621288438178, 0.9895653609680471, 0.9882614861222682, 0.9617278970790722, 0.9725368724049663, 0.9814678752831871, 0.9770421938832562, 0.9819662327680954, 0.9894114865214727, 0.9874149095315745, 0.9643111874850508, 0.9724384305701783, 0.9700572982653868, 0.985262485876453, 0.9879014680567084, 0.985690242557338, 0.9894548650237547, 0.9574104310197594, 0.9762593321900944, 0.9797760597755706, 0.9750108514252792, 0.987650438166757, 0.9873159897057362, 0.9872306225013092, 0.9272885277549422, 0.974105969510027, 0.9702324752317751, 0.9883759977226845, 0.9837339127068421, 0.9889786164835929, 0.9895052251905183, 0.9562388961022082, 0.9478081678726418, 0.9727625088097649, 0.978472223189743, 0.9887623777290105, 0.9827268232577128, 0.9907825897927602]
[0.9623545396350929, 0.9845826354986604, 0.9826252295686067, 0.9888956472833205, 0.992036550252164, 0.9934337060807255, 0.9948246168164441, 0.9779617488829077, 0.9865144195530083, 0.9897300599147366, 0.9907202245787428, 0.9904790096920167, 0.9929299373667249, 0.992120055650936, 0.9741247107376226, 0.9868284837568686, 0.9879769252281503, 0.9924963627261989, 0.9929528189223535, 0.9932086615624971, 0.9927255834527807, 0.9731225036001032, 0.9822388387171614, 0.9835259459938982, 0.9886447272322934, 0.9891006215176433, 0.9936922556363063, 0.9928560659545882, 0.9719754591361967, 0.9807396259769712, 0.9841818766767448, 0.9902004858374223, 0.988319386151501, 0.990251288909937, 0.9893377116884979, 0.9795112656536294, 0.9780901513666754, 0.987763150429238, 0.99024497642585, 0.9931450833750073, 0.9927760878979353, 0.9948771001653494, 0.9663314962346745, 0.9787276175853561, 0.9898872321813442, 0.98847638591302, 0.9936855195659597, 0.9900606958345955, 0.9933660896730917, 0.9746622266914703, 0.984658361789191, 0.9884690027112673, 0.9912178666583559, 0.9903060778165743, 0.9934671841039352, 0.9914806230739605, 0.9689986314249771, 0.9728748460013359, 0.9866744704326669, 0.9918721426190464, 0.9935729652993688, 0.9920577482421024, 0.9954531734985216, 0.9766304836217209, 0.9786504273103731, 0.9871216488626089, 0.9887452542784474, 0.9907473576000658, 0.9914589132362064, 0.9941722244141006, 0.9782378371238517, 0.9821285681044778, 0.9819230431315065, 0.9910080527627496, 0.993435358403419, 0.9926964980624444, 0.9933731468832979, 0.974426705087283, 0.9802045364134142, 0.9868767395137611, 0.9860554289908893, 0.9928111034084625, 0.9936428120871025, 0.9908780680287361, 0.9716667902560545, 0.9828087620204197, 0.9851364214770426, 0.9915149779082237, 0.992722507651421, 0.9927378527653845, 0.9959011052582156, 0.9739165157377788, 0.9813715352875936, 0.987419216076992, 0.9863298814018922, 0.9944485423088014, 0.9913730164356513, 0.9933285490382894, 0.975068356381213, 0.9837707352370394, 0.9866217258163434, 0.9902789130620662, 0.9914791069275719, 0.9934142188489345, 0.9923553654256237, 0.9817810228398987, 0.9853890348405259, 0.9892303839671389, 0.9930819420974561, 0.9923493777357304, 0.9903468189144364, 0.9921414318651965, 0.9736393473182755, 0.9854076023541244, 0.9889816657790977, 0.9910700506415657, 0.990835891638061, 0.9933669282314054, 0.9956095114359065, 0.9750492970770448, 0.9830022726878291, 0.9898184030302327, 0.990802847018085, 0.9935156513257698, 0.9936673330205728, 0.9939585361239028, 0.9680743455845646, 0.9848762019304289, 0.9928808034646915, 0.9908278210067819, 0.9924068676776301, 0.9907781394930241, 0.9930046257206364, 0.9803592901427214, 0.9819849195484333, 0.9917051506256055, 0.9903324028694153, 0.9897569641330904, 0.9925141943145745, 0.9939136260400955]
[0.9735820417646914, 0.9724283695196944, 0.9827699592291442, 0.9859157865889839, 0.9906137457315259, 0.9896179657054653, 0.9879185041291286, 0.963176232200242, 0.9744288499956005, 0.9807343188051579, 0.9833303758584027, 0.9913349065069373, 0.9874948344968079, 0.9901936911192055, 0.9472325304795317, 0.9693188055080535, 0.9817798239433145, 0.9864712218270385, 0.98318456900213, 0.9872542672933288, 0.9892961774041761, 0.9653867685751636, 0.9618591670580416, 0.9751481834085386, 0.9842647983827629, 0.9830156308041234, 0.9880414456977669, 0.9899168299875751, 0.9606182380748568, 0.9842164824738037, 0.9799161029000859, 0.9902795057752792, 0.9810897060293021, 0.9860707615965043, 0.9923586728424774, 0.9633566431622397, 0.9758191267427216, 0.9744126458510367, 0.9860677791912239, 0.9885514074936184, 0.98847980136079, 0.9853890951520791, 0.9485403322804795, 0.9599173103128358, 0.982389320089927, 0.9773398986622602, 0.989983936027815, 0.9828464636042256, 0.9898437281148702, 0.9652057436638837, 0.971665959193956, 0.9875685981336422, 0.9870991163336231, 0.9885677671531365, 0.9848860055929864, 0.9892523515874208, 0.9651540301433618, 0.9796410384479726, 0.9835269516249521, 0.9826088282033858, 0.9858445872086524, 0.9895521216708386, 0.9922990577160672, 0.9631494618190583, 0.9734925908121433, 0.9746202275588386, 0.9829687440379726, 0.9854487549160009, 0.9913629847775379, 0.9900613183144511, 0.9542527341775913, 0.9667145225329027, 0.9815894169846938, 0.9889260421003898, 0.9842601898413127, 0.9920632886163911, 0.9907607490361303, 0.9640158826748796, 0.9719306614689573, 0.9787360681313098, 0.9894638377230954, 0.990097567062043, 0.9888960045144635, 0.993044165973361, 0.9623749177560457, 0.9803297922428417, 0.9839850387544102, 0.9820024949624202, 0.9924640710824291, 0.9803619656713705, 0.9913723725143038, 0.9504436818164481, 0.9797488644303188, 0.9799333258738218, 0.9894930189161926, 0.9827218871156634, 0.9890326878801798, 0.9921290942025942, 0.9743823672586681, 0.9717883330019659, 0.9800014597656334, 0.9860461665471547, 0.9885946542293907, 0.9898602702752278, 0.9926088522834519, 0.9554607898331283, 0.9683681908312666, 0.9831527811725371, 0.980071219939803, 0.9793828287793053, 0.9916748705501258, 0.990288513359021, 0.9458083912329599, 0.9813943429249073, 0.9737894487180342, 0.9790823532220341, 0.9823515010962287, 0.9867298370686765, 0.9866417412308061, 0.954715567401861, 0.9808454577678842, 0.9844970931955979, 0.9783109494701044, 0.9899549438904852, 0.9915306119432689, 0.991745942660243, 0.9618171242080384, 0.9687021215910615, 0.9823563393176017, 0.9749285183529997, 0.990010733606127, 0.98933692275355, 0.9892002743927591, 0.968753399584673, 0.9729946417943119, 0.9811099130191613, 0.9843722733832849, 0.9828127444324155, 0.9883608136584496, 0.9900232303059918]
CNOT_numses
[7712, 10772, 15006, 18018, 22534, 25548, 29804, 7450, 11654, 15374, 18484, 22552, 25964, 29766, 7452, 10828, 14868, 18436, 22716, 25810, 29794, 7288, 11490, 15442, 18416, 22800, 26064, 29614, 7158, 11078, 14994, 18722, 22190, 25490, 29722, 7346, 11026, 15028, 18200, 22650, 26144, 29782, 7648, 11012, 14932, 18506, 22584, 25962, 29928, 7292, 10964, 15062, 18562, 22794, 25764, 30510, 7874, 11020, 14654, 18290, 22540, 26364, 29904, 7464, 10924, 14808, 18402, 22690, 25882, 29878, 7418, 10962, 14966, 18384, 22466, 25762, 29422, 7398, 11146, 14776, 18964, 22734, 26104, 29356, 7540, 11008, 14850, 18510, 22722, 26146, 29924, 7428, 10906, 15112, 19082, 22568, 26162, 29766, 7574, 10900, 14984, 18222, 22430, 26024, 29576, 7304, 10928, 15144, 18652, 22764, 25762, 30164, 7706, 10912, 14922, 18966, 22758, 25726, 29264, 7488, 10984, 15068, 18620, 21938, 26210, 29396, 7400, 10636, 14918, 18510, 22092, 26524, 30302, 7442, 11066, 14742, 18908, 22336, 26098, 29906]
[13900, 20860, 27778, 35300, 42744, 48810, 56124, 14300, 20756, 27634, 34722, 42210, 48796, 55816, 14012, 20586, 27486, 34700, 43004, 48846, 56178, 13872, 20892, 28076, 34666, 42762, 48682, 56082, 14026, 20876, 27974, 35020, 42388, 48450, 56258, 14206, 20872, 27552, 35060, 42442, 48634, 55880, 14000, 20432, 27754, 35126, 42550, 48472, 55942, 14186, 20498, 28290, 34740, 42780, 49028, 56562, 14026, 20744, 27694, 34984, 42554, 48276, 56504, 13884, 21026, 28484, 34962, 42214, 48668, 56156, 13888, 20232, 27988, 34550, 42492, 48476, 55850, 13980, 20762, 27782, 34666, 42362, 49120, 56044, 14264, 20666, 27522, 35564, 42158, 48480, 55958, 14078, 21000, 28194, 35438, 42534, 49048, 55946, 13846, 20782, 27610, 35114, 42266, 49376, 56226, 13704, 20714, 27508, 34588, 42394, 49074, 55868, 13792, 20916, 28112, 35036, 42740, 48710, 55568, 13828, 20626, 27876, 35130, 42412, 49264, 55814, 13972, 20872, 27386, 34776, 42888, 49018, 55638, 13882, 20746, 27938, 34892, 43022, 48900, 55804]
[7674, 11276, 15596, 19074, 22600, 26316, 30556, 7456, 11054, 15122, 19498, 23232, 26494, 29866, 7446, 11566, 15078, 18676, 23110, 26908, 30358, 7464, 11308, 15488, 19044, 22884, 26202, 30788, 7778, 11522, 15020, 18704, 22852, 26798, 30410, 7622, 11456, 15114, 18826, 23022, 26976, 30588, 7484, 11240, 15024, 18950, 23312, 26744, 30538, 7588, 11158, 15250, 18968, 23538, 27286, 30058, 7342, 11082, 15418, 18858, 23130, 26904, 29988, 7748, 11460, 14886, 18966, 22670, 26626, 30438, 7736, 11366, 15646, 19092, 22830, 26794, 30068, 7476, 11328, 14916, 19226, 23184, 26646, 29800, 7562, 11346, 15478, 19170, 23164, 26360, 30214, 7454, 11442, 14868, 18950, 22770, 27056, 30192, 7504, 11132, 14948, 18532, 22690, 26414, 30796, 7560, 11328, 15130, 19370, 22612, 26846, 29698, 7780, 11286, 14944, 19128, 22836, 26840, 29566, 7670, 11172, 15096, 19626, 22722, 26442, 30478, 7508, 11732, 15104, 18996, 23104, 26562, 30066, 7376, 10998, 15204, 19140, 23218, 26104, 29948]
single_q_numses
[6358, 8781, 12235, 14742, 18289, 20677, 24263, 6136, 9581, 12735, 15062, 18607, 21439, 24313, 6084, 8917, 12191, 15140, 18565, 20963, 24293, 5958, 9551, 12877, 14930, 18837, 21383, 23945, 5692, 9097, 12355, 15332, 17909, 21009, 24303, 6030, 8981, 12413, 14822, 18599, 21467, 24291, 6312, 9061, 12119, 15104, 18475, 21833, 24429, 5868, 8815, 12393, 15122, 18731, 20851, 25285, 6576, 8923, 11763, 14944, 18521, 21617, 24679, 6052, 8865, 12197, 14948, 18363, 21127, 24507, 6100, 8989, 12129, 14798, 18469, 21195, 23955, 5996, 9163, 12017, 15564, 18659, 21387, 24033, 6186, 8989, 12059, 14944, 18435, 21303, 24283, 6056, 8901, 12407, 15680, 18571, 21465, 24285, 6246, 8725, 12241, 14874, 17955, 21277, 24407, 6114, 8973, 12255, 15324, 18543, 21205, 24625, 6302, 8791, 12347, 15652, 18893, 20781, 23849, 6158, 9009, 12257, 15082, 17873, 21527, 24013, 6068, 8617, 12383, 15308, 18075, 21757, 24877, 6024, 8963, 11851, 15502, 18229, 21283, 24539]
[8496, 12751, 16761, 21588, 26215, 29721, 34325, 8790, 12613, 16767, 21338, 25705, 29785, 33745, 8598, 12581, 16639, 21204, 26413, 29719, 34233, 8380, 12769, 17107, 21264, 26095, 29677, 34099, 8434, 12735, 17001, 21380, 26069, 29393, 34351, 8694, 12677, 16785, 21312, 25813, 29483, 34213, 8692, 12247, 16943, 21248, 26149, 29569, 34103, 8694, 12271, 17241, 21310, 26277, 29749, 34553, 8552, 12639, 16819, 21262, 25931, 29487, 34561, 8484, 12761, 17477, 21458, 25901, 29851, 34315, 8372, 12315, 16953, 20892, 25897, 29569, 33897, 8546, 12751, 16985, 21208, 25945, 30125, 34341, 8644, 12553, 16639, 21642, 25817, 29383, 34203, 8562, 12785, 17071, 21730, 25959, 29815, 34045, 8496, 12571, 16821, 21416, 25843, 30133, 34047, 8386, 12605, 16897, 20950, 25735, 29837, 34057, 8362, 12985, 17245, 21310, 26227, 29557, 33745, 8394, 12521, 16929, 21540, 25695, 30115, 34017, 8434, 12657, 16721, 21274, 26203, 29745, 33735, 8388, 12597, 16947, 21366, 26471, 29785, 34099]
[6240, 9059, 12645, 15558, 18115, 21165, 24809, 5984, 8841, 12231, 15730, 18757, 21413, 24073, 6010, 9375, 12277, 14900, 18507, 21801, 24449, 5978, 9293, 12679, 15600, 18523, 21203, 24781, 6286, 9309, 12115, 15148, 18357, 21443, 24795, 6098, 9221, 12317, 15178, 18725, 21879, 24595, 6004, 9147, 12021, 15138, 18891, 21631, 24799, 6134, 8963, 12497, 15352, 19031, 21991, 24079, 5790, 8857, 12483, 15082, 18649, 21799, 24151, 6184, 9237, 12137, 15416, 18261, 21753, 24629, 6412, 9099, 12681, 15346, 18387, 21537, 24103, 6020, 9181, 12185, 15408, 18753, 21585, 24119, 6092, 9183, 12509, 15584, 18659, 21295, 24377, 6050, 9203, 12025, 15272, 18331, 21667, 24267, 5984, 8963, 11961, 14806, 18145, 21165, 24993, 6116, 9101, 12131, 15672, 18399, 21579, 24079, 6312, 9091, 12113, 15336, 18439, 21785, 23839, 6296, 8997, 12141, 15902, 18147, 21297, 24935, 6028, 9435, 12241, 15408, 18815, 21507, 24341, 5832, 8817, 12095, 15600, 18821, 21121, 24161]
non-zero entry for P_0:
75625
non-zero entry for P_1:
515
non-zero entry for P_2:
2680
time
43566.94319176674
