lam_list
 [[1.0, 0.0, 0.0], [0.4, 0.6, 0.0], [0.4, 0.3, 0.3]]
excute_time
 1.047
epsilon_list_1
 ['0.1', '0.067', '0.05', '0.04', '0.033', '0.0286', '0.025']
sampling_time
 20
acc_reses
[0.9674925348032679, 0.9852845772103601, 0.9886122954475087, 0.9920237067705102, 0.9917587648192594, 0.9905410414382345, 0.9939789785751089, 0.9688260676528901, 0.9819814618082098, 0.9902265668235231, 0.9902110695839018, 0.9939029217095195, 0.9919026494486728, 0.993350684741107, 0.9787732403770526, 0.98744517656002, 0.9888226503000898, 0.9913805127887041, 0.9902811075537926, 0.9944223761747099, 0.9961823226793066, 0.9652949537116722, 0.9897682666893242, 0.9891107086862287, 0.9868044853721077, 0.989864468872342, 0.9931454079745254, 0.995267152786346, 0.9711921658221715, 0.9796710303369383, 0.9854653478292169, 0.9876386774824475, 0.9941251280346117, 0.992542685270693, 0.9951689841128919, 0.9777325477327344, 0.9815644047811805, 0.9874508382123104, 0.9907116904355239, 0.9930209528221241, 0.993400156653174, 0.9948729882148556, 0.9753562969440158, 0.9833978635601721, 0.9875559210991511, 0.9901656512990784, 0.9906718142710152, 0.9904766093141955, 0.9955462813553649, 0.983930710327602, 0.980666954033527, 0.9890313170856345, 0.9925799965901765, 0.9914519788754371, 0.9926789403617148, 0.9950277209681532, 0.985910894343122, 0.9857158074500514, 0.9854589869010479, 0.9906300917065293, 0.9925371433481159, 0.9930996894836697, 0.9949955346112008, 0.971663396446422, 0.9847182721927712, 0.9795704087929056, 0.990920609826548, 0.9922940736670545, 0.9939321876029248, 0.9960073828743723, 0.9797958158734589, 0.9850757122974763, 0.9877826582897278, 0.9902862914230177, 0.9938831927925149, 0.9943966270364273, 0.9936923981823932, 0.9796638500460133, 0.986542886076388, 0.9874484558229217, 0.9893845319993243, 0.9940053824362555, 0.9934567811194637, 0.9934382439355395, 0.976094905048869, 0.9805424917198137, 0.9882156391226168, 0.9880148770756315, 0.9908692244076152, 0.9918426885814745, 0.9941256643476354, 0.9795210460608039, 0.9825168980468069, 0.9876693500818604, 0.9914283752698213, 0.9925482276918739, 0.9919577259516068, 0.9927734137799448, 0.9718358561954158, 0.986281096972126, 0.9859613776498637, 0.9909048093593562, 0.9893711267974299, 0.9912143367531387, 0.9949440960786896, 0.9756496594008184, 0.9862035558062958, 0.9871807099520862, 0.9850986658919934, 0.9908699412812192, 0.9922313690480427, 0.995923817405471, 0.9738940642132521, 0.9853552608371697, 0.9899442799450429, 0.9913865332231736, 0.9934218526287726, 0.9946500063347076, 0.9955248236735437, 0.9781914996327262, 0.9837602379438576, 0.9865953357670005, 0.9913555395966037, 0.9928709280836919, 0.990335704552086, 0.9951686859266287, 0.9804089737789903, 0.9754278768172114, 0.9887540341290357, 0.990400444272565, 0.9908946165647482, 0.9900898347546471, 0.994820475696351, 0.978375796577792, 0.9805272818023502, 0.9867739679398804, 0.994025588183167, 0.9889742771445, 0.9921839238721986, 0.9966519475023613]
[0.9584380883302519, 0.9743614975062519, 0.9849835039552042, 0.9913153676122656, 0.9911961084453156, 0.9910391576072058, 0.9950228932924591, 0.9567159044497832, 0.9857003757544679, 0.9891261562013504, 0.985531992510741, 0.989055638074163, 0.9905149349884634, 0.9937530167960457, 0.9592912428140365, 0.984767681414229, 0.9880010486573503, 0.9816530383623105, 0.9907228351215215, 0.9858410410627797, 0.9925410756907816, 0.9646653640031733, 0.9787560216771319, 0.9809802803998936, 0.9900722503860737, 0.9907000192380954, 0.9915239217853071, 0.9849945492756642, 0.976090393826561, 0.9790237621909714, 0.980653196979201, 0.9818636580237972, 0.9869472980793048, 0.9926542649551392, 0.9942458272572172, 0.9663865012100007, 0.9813557320571547, 0.9782541493236027, 0.9864073432504186, 0.9882317252992893, 0.9896448309526359, 0.9933878233236166, 0.973665191585674, 0.9802490214476156, 0.9826688832996788, 0.9893857836832344, 0.9924296756358254, 0.9930810332607264, 0.9934813384171566, 0.9640666086942463, 0.980596089650215, 0.9838487027927992, 0.9881165850188761, 0.9877281832971785, 0.9898207223962783, 0.9923349619707514, 0.9704020863918588, 0.9754306185906934, 0.9730162869960489, 0.9863879288471901, 0.989953401757614, 0.9911179559522096, 0.9896405941067171, 0.9639811518612716, 0.9840950378749852, 0.9853660481929852, 0.9855080256083821, 0.991213858133338, 0.9874832630258839, 0.9939502482017148, 0.958759204868858, 0.9818579809763099, 0.9872872308755586, 0.9820981132204576, 0.988661774011359, 0.9889737966602402, 0.9932908420457328, 0.9643924993251975, 0.9798305651756793, 0.9791063875230935, 0.991484646676391, 0.9911850130587219, 0.9888829590690398, 0.9933452032653625, 0.9752946503195999, 0.9795033994286685, 0.9863886469423045, 0.9876793740633232, 0.9842042361354492, 0.9908151036403563, 0.9936985373557463, 0.9642223460627734, 0.9827488682645331, 0.9805088250443699, 0.9865666448128879, 0.9923588039329216, 0.9901695853241135, 0.9878365732559607, 0.964493789716715, 0.9572004825274276, 0.9776111336107514, 0.9792101720996306, 0.9914267155042921, 0.9900380969762929, 0.9923523072555247, 0.9633930410036302, 0.9818028829220999, 0.9836790084234632, 0.9850174206070633, 0.9883253582435334, 0.9890618343223714, 0.9944896699215736, 0.9765754944945619, 0.9791938110889754, 0.9872071753502623, 0.9912791253033784, 0.9865552023983714, 0.9877618832989367, 0.9915730518485049, 0.9800669718670458, 0.9761274888774861, 0.9801525553529034, 0.9882670654628432, 0.9934194088181377, 0.9813050216963356, 0.9947835214449684, 0.9771894816907649, 0.9715045124774041, 0.9883735222404018, 0.9871365583761379, 0.9886426957500996, 0.9895055298532474, 0.9925060868272361, 0.9647555989952832, 0.9837678467860325, 0.9836450859008413, 0.9884425595743934, 0.9900326136898573, 0.9882914427222736, 0.9921464925271151]
[0.9773098899995509, 0.9781546973411582, 0.9816913114076307, 0.9878778568804004, 0.9907042384210504, 0.9929157496169698, 0.9951818588588874, 0.9731925342122618, 0.9843266628939161, 0.9844914924488841, 0.9861367378832591, 0.9877229949815323, 0.9881536153984019, 0.9937482510427696, 0.9689143642952309, 0.9717988416585471, 0.9834116114969613, 0.9785399509244377, 0.992221594327342, 0.9859319929916016, 0.9915503870292812, 0.9708851378368712, 0.9879269119922182, 0.9900276068967144, 0.9873197751095806, 0.9925693286890623, 0.9914881588155466, 0.9909975029618023, 0.9732965315355442, 0.9725393103258102, 0.9827110749996001, 0.9920192957136871, 0.989564078187894, 0.9907438851551814, 0.9919110547244586, 0.9473119828858384, 0.9739913377831426, 0.9826340675461519, 0.9886446695578807, 0.993167757988451, 0.9927800299846282, 0.9940172434866171, 0.9742415072687305, 0.9784589618508094, 0.9854861012285296, 0.9900091368077211, 0.9916199471665947, 0.9929758318150802, 0.9944484838386247, 0.9692651038776333, 0.9805063773344059, 0.9804848872305583, 0.9911680827416032, 0.9902911783782563, 0.9892195473445999, 0.9931657317586643, 0.9617758400798068, 0.9814895402073631, 0.9854359726861226, 0.9873954101909896, 0.9932767158763486, 0.9861866249074007, 0.9916955861734645, 0.9750568298431472, 0.9751633547948745, 0.9832657071273382, 0.9878461973494215, 0.9889332776556857, 0.993771672323216, 0.9936154484876233, 0.9671812063618475, 0.9873352723891371, 0.9882535939806858, 0.986749354287855, 0.9919162392625313, 0.9911176582679223, 0.9888212690877033, 0.9717031638376168, 0.9805413618567773, 0.9784085931333643, 0.9804498579863132, 0.9861541437540501, 0.9925525794303022, 0.9912262637200958, 0.9668156516156382, 0.9751116083769871, 0.986137808659837, 0.9899092317115061, 0.9921454796898512, 0.9903783212695833, 0.9933481217698662, 0.9638495699538214, 0.9804406606058652, 0.987694632386588, 0.9875559052223362, 0.9905669099437033, 0.9908340606272164, 0.993568837750151, 0.96849686604412, 0.9829800726204524, 0.9903384464188735, 0.9856466114006897, 0.9900571800210316, 0.9921405949518453, 0.9921175868782256, 0.975270272828943, 0.98075664205361, 0.9893085996729608, 0.9909589301995024, 0.9890044344949419, 0.9915102156072324, 0.9935815937955123, 0.9634484004806809, 0.9774914804763458, 0.9865160588515104, 0.9887997005235758, 0.9841108413037356, 0.991178632978544, 0.9954943657518893, 0.9623443291623767, 0.9747399170612524, 0.9844273415179051, 0.991091432540411, 0.9917176968320882, 0.9879725674132004, 0.9928582910044151, 0.9700985302885426, 0.975990955890911, 0.9875072296495793, 0.9844230413847791, 0.9843656295705399, 0.9924552442625602, 0.9920219867006242, 0.9626191473060396, 0.9847059849736371, 0.9904664819679815, 0.9862410443376247, 0.9898487949894191, 0.9918830405625602, 0.9919227367726475]
CNOT_numses
[28792, 43020, 57728, 71974, 86794, 99928, 114472, 28816, 42530, 57644, 70990, 87004, 100684, 115182, 28560, 43042, 57266, 71484, 86392, 100534, 115152, 28276, 42312, 57610, 72006, 86772, 100324, 115390, 29096, 42848, 57594, 71800, 87446, 100862, 114736, 28608, 42838, 57022, 72258, 86740, 100678, 114880, 28882, 42546, 56626, 71688, 87582, 100138, 114806, 28834, 43122, 56768, 71852, 86414, 100294, 115364, 28820, 43208, 57594, 71354, 86420, 100316, 115514, 28390, 43106, 57488, 71746, 86940, 100268, 114722, 29036, 43004, 58090, 71816, 86604, 101302, 114604, 28968, 43224, 57458, 71708, 88090, 100472, 115326, 29016, 42596, 58214, 71000, 86458, 100120, 114824, 28662, 42738, 57886, 72358, 86968, 100016, 115126, 28796, 42946, 57670, 71926, 86730, 99454, 114546, 28564, 43228, 57024, 72436, 87256, 100852, 114590, 28556, 42618, 57172, 72034, 87304, 100632, 114836, 29002, 42738, 57430, 71790, 87060, 100738, 114476, 28874, 43082, 57760, 71746, 86970, 100226, 115286, 28248, 42886, 56846, 71656, 87624, 100002, 114754]
[17388, 25448, 34216, 42906, 51968, 59674, 69210, 17122, 25558, 33916, 42888, 51402, 59466, 68002, 17268, 25440, 33954, 42546, 52794, 60318, 68628, 17448, 25490, 34236, 42474, 50842, 60160, 69146, 17104, 25912, 34208, 43156, 51900, 60090, 68054, 17456, 25426, 34072, 42668, 52600, 59930, 68814, 17046, 26108, 34448, 42898, 52304, 59824, 69052, 17002, 25860, 34198, 42980, 51586, 59994, 67882, 17038, 25720, 33964, 42646, 52020, 60344, 67348, 16890, 25626, 34142, 43274, 52248, 60192, 68406, 16888, 25278, 34022, 42304, 51974, 59750, 68186, 16928, 26336, 34296, 42958, 51958, 59806, 67986, 17080, 25328, 33910, 42988, 50966, 60656, 68360, 17434, 25866, 34540, 42870, 52264, 59454, 68414, 16962, 25634, 33478, 41932, 52178, 60102, 68536, 17172, 25614, 34460, 42856, 52368, 59648, 68760, 17144, 25534, 34682, 43046, 52002, 60322, 67944, 17080, 25780, 34544, 42384, 52172, 59972, 68216, 17388, 25656, 34104, 42572, 51706, 59476, 68732, 17566, 25576, 33738, 42650, 51470, 59310, 68476]
[17404, 25514, 34236, 43672, 52752, 60002, 68538, 17254, 25992, 34620, 43136, 52746, 59764, 68916, 17444, 26032, 34548, 43732, 52024, 60450, 68552, 17082, 25784, 34538, 43742, 52366, 60368, 68212, 17592, 25814, 34628, 43150, 52536, 60484, 69560, 17070, 25966, 34268, 42982, 52462, 60288, 68816, 17562, 26232, 34318, 43208, 52400, 59592, 69248, 16970, 26044, 34460, 43428, 51586, 60476, 69706, 16874, 25830, 34632, 42858, 52510, 60028, 69516, 17254, 25390, 35118, 43452, 52182, 60980, 69266, 17258, 26002, 34540, 42500, 52340, 60638, 69046, 17254, 26266, 34878, 43150, 53016, 60556, 69008, 18072, 25560, 34672, 43052, 52346, 59582, 69206, 17532, 25504, 34118, 43320, 52180, 60742, 69194, 16840, 25866, 34394, 43076, 53338, 60030, 69422, 17356, 25912, 34396, 43388, 52510, 61062, 69050, 17130, 25510, 34584, 43090, 53038, 60598, 69636, 17598, 25664, 34122, 43730, 52522, 61240, 69362, 17156, 25782, 34722, 43494, 52314, 60536, 69670, 17254, 25906, 34846, 43622, 52142, 60122, 68852]
single_q_numses
[16720, 24890, 33369, 41854, 50072, 57615, 66160, 16620, 24428, 33219, 40910, 50404, 58211, 66854, 16448, 24774, 33063, 41264, 49864, 58153, 66616, 16350, 24390, 33289, 41666, 50316, 58229, 66610, 16818, 24628, 33175, 41432, 50384, 58395, 66616, 16482, 24650, 32935, 41760, 50138, 58389, 66364, 16830, 24592, 32771, 41288, 50404, 57963, 66174, 16768, 24814, 32819, 41450, 49856, 58181, 66592, 16758, 24796, 33527, 41030, 49680, 57965, 66874, 16118, 24892, 33395, 41636, 49866, 58123, 66162, 16776, 24766, 33667, 41316, 49990, 58479, 66092, 16704, 25038, 33215, 41424, 50918, 57851, 66986, 16730, 24552, 33723, 41002, 49976, 58013, 66296, 16624, 24704, 33451, 41986, 50188, 57717, 66284, 16612, 25150, 33349, 41668, 50038, 57385, 66144, 16600, 25068, 32961, 41706, 50368, 58299, 65948, 16492, 24574, 33099, 41624, 50444, 58055, 66236, 16820, 24620, 32985, 41512, 50298, 58249, 66430, 16698, 24846, 33405, 41548, 50526, 57905, 66404, 16160, 24918, 32741, 41236, 50474, 57829, 66204]
[12466, 18008, 24573, 30828, 37316, 42975, 49808, 12278, 18348, 24177, 30762, 36892, 42939, 49010, 12380, 18286, 24297, 30514, 37878, 43199, 49350, 12588, 18228, 24767, 30220, 36374, 43223, 49816, 12278, 18592, 24741, 31096, 37002, 42789, 48948, 12522, 18268, 24259, 30328, 37878, 42703, 49344, 12262, 18702, 24761, 30658, 37690, 43265, 49650, 12316, 18690, 24421, 30876, 37202, 43001, 48728, 12096, 18404, 24427, 30292, 37424, 43499, 47996, 12146, 18652, 24617, 31006, 37358, 43591, 48860, 12074, 18132, 24497, 30350, 37334, 42899, 48798, 12012, 18818, 24701, 30952, 37486, 42909, 48878, 12288, 18456, 24313, 30870, 36208, 43737, 48812, 12614, 18626, 24949, 30892, 37648, 42831, 49022, 12084, 18442, 24083, 30136, 37532, 43383, 49450, 12308, 18186, 24667, 31088, 37452, 42419, 49460, 12360, 18262, 24747, 30862, 37222, 43601, 48802, 12312, 18244, 24853, 30550, 37554, 42727, 49096, 12638, 18208, 24561, 30398, 37118, 42575, 49644, 12676, 18452, 24239, 30660, 36846, 42541, 49146]
[12318, 18140, 24577, 31238, 37640, 42901, 48954, 12336, 18348, 24349, 30780, 37732, 42665, 48950, 12448, 18548, 24639, 31248, 37032, 43147, 48772, 12146, 18214, 24617, 31316, 37212, 42873, 48386, 12484, 18550, 24987, 30574, 37306, 43193, 49664, 12102, 18704, 24515, 30776, 37324, 42953, 49268, 12530, 18474, 24387, 30628, 37448, 42405, 49234, 12218, 18644, 24587, 30938, 36610, 42923, 49588, 11976, 18382, 24625, 30556, 37602, 42899, 49670, 12080, 17946, 24909, 30690, 37200, 43511, 49340, 12116, 18466, 24361, 30358, 37116, 43507, 48986, 12154, 18764, 24835, 30414, 37732, 43415, 49086, 13022, 18088, 24333, 30654, 37252, 42255, 49442, 12538, 18038, 24127, 30734, 37426, 43363, 49244, 11876, 18542, 24395, 30738, 38162, 42917, 49610, 12278, 18558, 24405, 31024, 37302, 43837, 49158, 12190, 18136, 24847, 30744, 37814, 43329, 49432, 12466, 18150, 24283, 31124, 37024, 43799, 49258, 12202, 18342, 24651, 31002, 37196, 42875, 49454, 12170, 18676, 24779, 30820, 37158, 42963, 48954]
non-zero entry for P_0:
75625
non-zero entry for P_1:
515
non-zero entry for P_2:
2680
time
170037.89227986336
