lam_list
 [[1.0, 0.0, 0.0], [0.4, 0.6, 0.0], [0.4, 0.3, 0.3]]
excute_time
 1.57
epsilon_list_1
 ['0.1', '0.067', '0.05', '0.04', '0.033', '0.0286', '0.025']
sampling_time
 20
acc_reses
[0.9712752721780481, 0.9901084314279931, 0.9886126606735568, 0.9870167409246691, 0.9893087203834254, 0.9935109024043483, 0.9957451826503472, 0.9820867902265237, 0.9808595751256708, 0.9889772569851973, 0.9962056281336179, 0.9890325070246718, 0.9978704453244343, 0.9924276013783205, 0.9792698376362454, 0.9767512514240948, 0.9898655414585931, 0.988296391427313, 0.9879547954551817, 0.9953226449650727, 0.9952251932104614, 0.9849638620047343, 0.9872200121720035, 0.9895878443449679, 0.9868167846174428, 0.9888331325291025, 0.9973233347266137, 0.9965474010564054, 0.9847698211670017, 0.9872303088266007, 0.9933219558275039, 0.9874758173265636, 0.9959689380455081, 0.992457291574141, 0.9907987196366186, 0.9701650396584297, 0.9806449347436046, 0.9877207933403093, 0.9936231393173999, 0.9926642289794958, 0.9936642065121829, 0.9960988167418618, 0.9643415422680603, 0.991629660305525, 0.9923693545344687, 0.9959741234808743, 0.9915336967836953, 0.9937927221440614, 0.9953100085267955, 0.9561650099665192, 0.9833974838565221, 0.9805084754369877, 0.9823420055241479, 0.9949952980764776, 0.9919502735346027, 0.9897561092929228, 0.9801294636849462, 0.987608701698028, 0.991371576522673, 0.9955636895583053, 0.9949923159795345, 0.9940098538389174, 0.9926244027704416, 0.9677055607843007, 0.9802919382833071, 0.9893089626277184, 0.9873333619563847, 0.9912528618564013, 0.9954178339103683, 0.9949885613449654, 0.9689611958640137, 0.9862868801648921, 0.9772325284738068, 0.9883728132220614, 0.9927708511533057, 0.9960489869138557, 0.9940644505715647, 0.9895121527061229, 0.9775368041380251, 0.9775356123279962, 0.9952423573816155, 0.9916114812347215, 0.9953435076872308, 0.9934142831147236, 0.9853839906135755, 0.9853302302818228, 0.9906883255421658, 0.9920334234906286, 0.9910114466833779, 0.9946228864104653, 0.9911421690826477, 0.9565680434151875, 0.9841274225773603, 0.9857270782253592, 0.9913665213608771, 0.9954873919953475, 0.9932336259028285, 0.9941849123064895, 0.9856210842999819, 0.9838217777517984, 0.9924473765417764, 0.9874561429256095, 0.9940918105162976, 0.9956800956542297, 0.9934821751897245, 0.9678354264180269, 0.9716049826404114, 0.9823316962551649, 0.9945455218577427, 0.9947810183562974, 0.9926992690438171, 0.995404422303637, 0.9845364758338022, 0.9870774161734215, 0.9916880132241467, 0.9951243997966159, 0.9926478266914602, 0.9944319130112153, 0.994504393668013, 0.9729278687087574, 0.9847265296630267, 0.9878441127633687, 0.9900434017849175, 0.994153921695205, 0.99364703908616, 0.995966434611758, 0.9716978389341139, 0.9893846514889357, 0.9938015944381859, 0.9905852699717483, 0.9927796157527429, 0.995490491520825, 0.9929734475198728, 0.9828157922692565, 0.9816885614423423, 0.9832651356149422, 0.9897078871756121, 0.9951201677798444, 0.9926450851307229, 0.994445682480759]
[0.9867442352423161, 0.9903277207346689, 0.9905914068412133, 0.9952002167726027, 0.991062820673966, 0.9924730096804645, 0.9933073520667028, 0.9816383854955999, 0.9827686560959576, 0.9870611453629895, 0.9961000085335756, 0.9927197098840004, 0.9928420897057555, 0.993045151725625, 0.9655170633169031, 0.9578671634168154, 0.9843058616199905, 0.9927377704670124, 0.9841602522145677, 0.9904550910109593, 0.9946270606014805, 0.9855624446237453, 0.968876373828102, 0.9941818119887044, 0.9888005292159159, 0.995564700232251, 0.9927858126273472, 0.9933076502538505, 0.9692034722415334, 0.9882130671642683, 0.9845309899594812, 0.9897514641002291, 0.9950565695771384, 0.9898943356514505, 0.9942225246466977, 0.9800344236370911, 0.980263363534616, 0.991582634138748, 0.9921265248389269, 0.9935682446268682, 0.9859890345054311, 0.9924814755124393, 0.9798093562980109, 0.9775398033984672, 0.9779282226166472, 0.9906911862750364, 0.9860046357308814, 0.9949508319301259, 0.9939269425339339, 0.986574471021872, 0.9835271253536979, 0.9889426283074553, 0.9847531568353552, 0.9957094192514416, 0.9937209499036196, 0.9951847209647703, 0.9805659416918043, 0.9885733224760611, 0.9882614681569314, 0.9874694348035077, 0.9929475811901501, 0.9966732264488474, 0.9943846465634736, 0.9787949398359593, 0.976992401259458, 0.9910774272412316, 0.9944605833295272, 0.9919077756076834, 0.991192046278335, 0.9953837394784255, 0.9723819452767382, 0.978684546121247, 0.9921751033283357, 0.992253366826136, 0.996252060125973, 0.993316354046348, 0.9959642291614368, 0.9505819651564181, 0.9917689628017675, 0.9927308560058034, 0.982230663431984, 0.9950469749467664, 0.9886322688471177, 0.9865833559024038, 0.9818593171688688, 0.9842882905011504, 0.9904710166300649, 0.991293907169639, 0.9878033466068175, 0.9945148240231609, 0.9949545860800529, 0.9673915363106041, 0.9877636518635545, 0.9934817556891427, 0.9870495226581051, 0.9883355561078396, 0.9915356066440872, 0.9899205570461702, 0.9598538655955328, 0.9650573578375748, 0.9833263117842852, 0.9922832251167343, 0.9882884649709812, 0.9956897498001176, 0.9961225392308607, 0.9753796482867102, 0.9903386263535721, 0.9921879891713634, 0.9795180366901639, 0.992355707503468, 0.9923164867040782, 0.9950923921805239, 0.9789233348198709, 0.9835664088431674, 0.9884298585669336, 0.993439853192108, 0.9926825212974578, 0.9959812164310282, 0.9926673769977516, 0.9804850521914942, 0.9737771243739101, 0.985448900789615, 0.9894530776289795, 0.9808362258506769, 0.9871891919326446, 0.992694201105196, 0.961056479810729, 0.9872957500685368, 0.9889757758843011, 0.9823795022170767, 0.99570941933507, 0.9938521398949076, 0.9895469561822277, 0.975884775345623, 0.9809573305117538, 0.9896620517208891, 0.9881438087960321, 0.9920720467050744, 0.996221900073418, 0.9936823250764305]
[0.9822596780752488, 0.9839887684346761, 0.9883248301353739, 0.9790402810902791, 0.9937680363890631, 0.9966759682677799, 0.9950854792715327, 0.9786301747399438, 0.9870347552595531, 0.9896041157463812, 0.9956005215711183, 0.9946526885042508, 0.9935896473002337, 0.9956600076775728, 0.9891607176995458, 0.9819428984514397, 0.9858083133544718, 0.9939316536702244, 0.9904765493009677, 0.9943816076574646, 0.9963014129763375, 0.9772937861425494, 0.9796221489004372, 0.9955104590534203, 0.9888988736611967, 0.9872802003871027, 0.9925342211149685, 0.9932563310126185, 0.9814650549861459, 0.9885537626502704, 0.9918331507361272, 0.9884504829528621, 0.9934594631869283, 0.9952481985097101, 0.9967261556869451, 0.9757746764612207, 0.983275227916262, 0.988342918660646, 0.9838843429551011, 0.9937519433935635, 0.9912080174999188, 0.9948058729680073, 0.9808260292948447, 0.9866949329781347, 0.9930094481075364, 0.9847214638592708, 0.9916457556502224, 0.9919399700709185, 0.9882465791152485, 0.9713730042509647, 0.9787111458806944, 0.9913706783993544, 0.99476206310416, 0.9910550752852634, 0.9950518012699374, 0.9952827118381186, 0.9822356139818013, 0.9795871210174479, 0.9815463527676594, 0.9858738801818259, 0.9953135260659146, 0.99676328992059, 0.9918069248725377, 0.9518811480025583, 0.9795628616143643, 0.9868591485111317, 0.9923305516512211, 0.9911242190615454, 0.9948435432486934, 0.9935721161347423, 0.9895476164439435, 0.9898735286493129, 0.9834436788006425, 0.9911590816164109, 0.9941716194435941, 0.994064570599406, 0.9947577119311267, 0.971149266497755, 0.9863058516936978, 0.9907805535357433, 0.9888594792939227, 0.9907491816519308, 0.9933483029733785, 0.9940445451596647, 0.9590204847674814, 0.9739065928765178, 0.9949290752411826, 0.9931036385679238, 0.988867104734392, 0.9964463118139724, 0.9886306741320379, 0.9801933697463059, 0.9907213527114184, 0.981863580315791, 0.991795838147909, 0.991410018967225, 0.9953191884477979, 0.9944055086539965, 0.982416816282157, 0.984523959372918, 0.9800138217003607, 0.9933525920845591, 0.9973207117847569, 0.9971848131057117, 0.9915010352062055, 0.970068506171443, 0.9753729506698022, 0.9921137736885575, 0.9861114066079328, 0.9910979867277404, 0.9919481885559678, 0.994600361462622, 0.956206910937364, 0.9798594858492896, 0.9879438543237912, 0.990443591379382, 0.994373799557635, 0.9951249957105924, 0.9940848350525212, 0.9783190333684121, 0.9729391339922706, 0.9816785517622901, 0.9931043403746542, 0.9915644527924865, 0.9922426992625236, 0.992403626498265, 0.9663261238646882, 0.9843378736490114, 0.993027687709197, 0.9934623291048152, 0.9957121613274608, 0.9934481382798757, 0.9945124389040917, 0.9862393740952667, 0.9703710714142536, 0.9926658952833876, 0.9937961101571109, 0.9915589097486822, 0.9972916841520898, 0.9923537378873599]
CNOT_numses
[13122, 19712, 26412, 33324, 40040, 45914, 52724, 13306, 19354, 26188, 32686, 39660, 45732, 52370, 13346, 19500, 26164, 33302, 39336, 45898, 51858, 12928, 19886, 26328, 33208, 40018, 45992, 51990, 13182, 19476, 26114, 32792, 39944, 46164, 52454, 13196, 20226, 26038, 32724, 39980, 46166, 52416, 13030, 19428, 26318, 32644, 40066, 46116, 52360, 12910, 19746, 26136, 32574, 39862, 45636, 53014, 13182, 19590, 26108, 32746, 39596, 45880, 52112, 13144, 19630, 26264, 32274, 39880, 45962, 52698, 13130, 19434, 26200, 32820, 39694, 45792, 52138, 13248, 19742, 26216, 32962, 40084, 45856, 52990, 13114, 19688, 26582, 32888, 39838, 45952, 52420, 13032, 19612, 25836, 32494, 39894, 45602, 52750, 13180, 19564, 26342, 32950, 39788, 46250, 52470, 12930, 19766, 26268, 32642, 39442, 45944, 52608, 13182, 19652, 26476, 33070, 39402, 45708, 52202, 13210, 19854, 26418, 32714, 39538, 45934, 52634, 12816, 19350, 26228, 32632, 39540, 45894, 52612, 13020, 19456, 26166, 33208, 39528, 46014, 52238]
[10184, 14870, 20554, 25728, 30544, 35556, 40292, 10096, 15392, 20234, 25188, 30686, 35186, 40668, 10264, 15168, 20426, 25334, 30776, 35814, 40846, 10058, 15226, 20016, 25524, 30566, 35772, 40522, 9950, 15194, 20064, 25106, 30812, 35396, 40672, 10336, 15262, 20190, 25280, 30686, 36028, 41020, 10214, 15438, 20006, 25490, 30848, 35610, 40066, 10216, 15200, 20630, 25642, 30668, 35678, 40650, 10370, 15122, 20408, 25166, 30878, 35586, 40450, 10258, 15412, 20124, 25198, 31032, 35626, 40220, 10244, 15286, 20406, 25528, 30794, 35304, 39880, 10140, 15146, 20610, 25188, 30532, 35538, 40690, 10018, 14740, 20656, 25124, 30824, 35442, 40556, 10154, 15298, 20132, 25264, 30902, 35474, 40788, 10004, 15132, 20452, 25262, 30600, 35118, 40526, 10222, 15306, 20446, 25122, 31248, 35496, 40570, 10088, 15230, 20572, 25390, 30756, 35620, 40522, 10120, 14976, 20120, 25306, 31056, 35320, 40468, 10302, 15154, 20320, 25594, 30676, 35330, 40072, 10114, 15420, 20038, 25100, 31150, 35676, 40424]
[10242, 15208, 20014, 25350, 30994, 35500, 40452, 10218, 14992, 20252, 25054, 30974, 35370, 41044, 10054, 15252, 20596, 25372, 30860, 35478, 40748, 10168, 15296, 20344, 25224, 30674, 35374, 40378, 10024, 15032, 20640, 25662, 30698, 35032, 40470, 10070, 14766, 20348, 25306, 30644, 35812, 40458, 10250, 14936, 20518, 25378, 30722, 35462, 40658, 10218, 15196, 20730, 25246, 30486, 35378, 40390, 10064, 15330, 20260, 25228, 30746, 35308, 40994, 10190, 15256, 20166, 25632, 31164, 35048, 40376, 10150, 15106, 20330, 25558, 30796, 35554, 41122, 10296, 15310, 20588, 25646, 31096, 35434, 41206, 10042, 15196, 20500, 25400, 30900, 35366, 40696, 10132, 15274, 20434, 25336, 30972, 35324, 40808, 10072, 15368, 20342, 25350, 30814, 35448, 40656, 10332, 15104, 20166, 25566, 30956, 35706, 40808, 10144, 15302, 20268, 25294, 30450, 35688, 40804, 10178, 15004, 20338, 25160, 31016, 35234, 40664, 10102, 14980, 20468, 25594, 30850, 35790, 40850, 10280, 15016, 20276, 25578, 30480, 35296, 40262]
single_q_numses
[6854, 10201, 13720, 17321, 20845, 23969, 27371, 6906, 10033, 13652, 16747, 20491, 23665, 27147, 6946, 10045, 13572, 17381, 20539, 23777, 26697, 6676, 10309, 13684, 17347, 20663, 23729, 26945, 6886, 10167, 13572, 16959, 20853, 23871, 27269, 6788, 10493, 13462, 16935, 20733, 23945, 27131, 6698, 10049, 13608, 16899, 20677, 23957, 27095, 6600, 10241, 13448, 16901, 20853, 23799, 27625, 6846, 10269, 13516, 17011, 20397, 23677, 26923, 6906, 10185, 13540, 16767, 20537, 23809, 27447, 6772, 10027, 13588, 16815, 20577, 23603, 26865, 6852, 10195, 13726, 17103, 20781, 23603, 27585, 6804, 10321, 13830, 17077, 20615, 23653, 27227, 6810, 10093, 13270, 16697, 20737, 23407, 27353, 6814, 10145, 13476, 17041, 20537, 24073, 27137, 6614, 10005, 13714, 16829, 20461, 23869, 27313, 6852, 10171, 13742, 16965, 20239, 23749, 26965, 6896, 10387, 13854, 16769, 20265, 23897, 27179, 6648, 9921, 13540, 16929, 20559, 23505, 27137, 6826, 10095, 13568, 17239, 20365, 23823, 27117]
[6332, 9347, 12916, 16251, 19111, 22439, 25117, 6330, 9955, 12768, 15753, 19285, 22205, 25561, 6530, 9527, 12736, 15789, 19331, 22721, 25699, 6398, 9703, 12554, 15997, 19187, 22585, 25431, 6300, 9573, 12532, 15601, 19303, 22119, 25683, 6484, 9681, 12596, 15849, 19087, 22793, 26155, 6398, 9709, 12326, 16077, 19619, 22359, 25041, 6478, 9531, 13106, 16261, 19405, 22421, 25917, 6656, 9441, 12612, 15785, 19601, 22397, 25609, 6384, 9809, 12466, 15723, 19653, 22337, 25205, 6340, 9619, 12884, 16097, 19431, 22317, 24901, 6438, 9529, 13012, 15871, 19135, 22525, 25613, 6210, 9327, 13160, 15683, 19351, 22327, 25413, 6284, 9701, 12670, 15953, 19503, 22503, 25697, 6336, 9543, 12876, 15745, 19173, 21955, 25399, 6472, 9749, 12914, 15487, 19873, 22491, 25435, 6262, 9771, 13150, 15923, 19333, 22413, 25555, 6326, 9449, 12478, 15903, 19675, 22221, 25295, 6502, 9463, 12828, 16001, 19167, 22193, 24941, 6410, 9661, 12560, 15809, 19555, 22377, 25605]
[6334, 9421, 12582, 15843, 19545, 22281, 25379, 6480, 9425, 12738, 15711, 19441, 22257, 25761, 6286, 9493, 13128, 16127, 19527, 22255, 25717, 6494, 9827, 12782, 15881, 19293, 21859, 25371, 6308, 9349, 13006, 16175, 19269, 21909, 25499, 6414, 9207, 12912, 15749, 19095, 22779, 25371, 6538, 9289, 12912, 15887, 19325, 22211, 25473, 6438, 9603, 13112, 15899, 18971, 22195, 25405, 6254, 9703, 12616, 15881, 19351, 21891, 25599, 6434, 9519, 12528, 16211, 19711, 21965, 25189, 6406, 9493, 12906, 15835, 19205, 22273, 25877, 6592, 9601, 12888, 16163, 19699, 22521, 26175, 6362, 9409, 12974, 16025, 19365, 22003, 25713, 6452, 9757, 13006, 15955, 19503, 21885, 25579, 6226, 9743, 12760, 15971, 19401, 22139, 25365, 6582, 9417, 12580, 16223, 19703, 22553, 25595, 6402, 9639, 12564, 15983, 18863, 22443, 25721, 6424, 9311, 12612, 15731, 19531, 22165, 25723, 6250, 9367, 12966, 15999, 19477, 22635, 25769, 6418, 9233, 12812, 15873, 19037, 22191, 25001]
non-zero entry for P_0:
3600
non-zero entry for P_1:
97
non-zero entry for P_2:
305
time
11879.035271406174
