lam_list
 [[1.0, 0.0, 0.0], [0.4, 0.6, 0.0], [0.4, 0.3, 0.3]]
excute_time
 1.047
epsilon_list_1
 ['0.1', '0.067', '0.05', '0.04', '0.033', '0.0286', '0.025']
sampling_time
 20
acc_reses
[0.9628140797931588, 0.9874704077230709, 0.9900461521033798, 0.9953731298768969, 0.9893890773582906, 0.9908202930570323, 0.9915184978650263, 0.9770648472646278, 0.9889666120979045, 0.9926617146827091, 0.9867031042753683, 0.991130471976804, 0.9949005859661747, 0.9923433665327053, 0.980215148878579, 0.9832655787835685, 0.9886859077237548, 0.9918059712862332, 0.9909204926549277, 0.9939012528357449, 0.9943847081893654, 0.9767865562428552, 0.9868937163251408, 0.9848582286277489, 0.9897716069798675, 0.9919158817404774, 0.992346227172562, 0.9946919680554345, 0.9834622519121211, 0.976928077543816, 0.9854854964677111, 0.9847711325087369, 0.9944221377378646, 0.9948657751993113, 0.9957631232337107, 0.9756866243863974, 0.983167487407714, 0.98810667215065, 0.9916774119267422, 0.9897274971155894, 0.9928320663936087, 0.9934609547419849, 0.981854458160817, 0.9896923328966053, 0.9910145427562024, 0.9934267406035681, 0.9929259466051517, 0.9959257245174918, 0.9961919784559486, 0.9699521902083398, 0.9883834430259784, 0.9887511253899369, 0.9913846872197516, 0.9929968125150498, 0.9890525366413452, 0.9917250296732186, 0.9758193657867772, 0.990799846777347, 0.9905460027653857, 0.9934548150614765, 0.9957267048557946, 0.9954348808067298, 0.9948858023294598, 0.9753551538267162, 0.9878814858621895, 0.9914949536621503, 0.9930390119555992, 0.9951471090578909, 0.989726318248608, 0.9894313812589293, 0.9879654674511583, 0.977058148545824, 0.9905590458071504, 0.988978266730792, 0.9948871737384762, 0.9906056820361173, 0.9928575760271956, 0.9769685681637318, 0.9902659074756365, 0.9906880861651222, 0.9879124217743829, 0.9916350878863756, 0.9917881751882437, 0.9959975481367813, 0.9787216632884371, 0.984266749409261, 0.9934069517023852, 0.9860062591452492, 0.9935662162824501, 0.9901482589521196, 0.9935800433198714, 0.9800488384904705, 0.9845707637610516, 0.991659105862986, 0.9932118655189378, 0.9907509688146976, 0.9964287877307813, 0.9951625466825547, 0.9722829603344482, 0.9881497624042733, 0.9913020732101064, 0.993927003823569, 0.9939779058536236, 0.9886970567398843, 0.9945064783324055, 0.9720524938767694, 0.9847773316806898, 0.9913129817779842, 0.9803145763213695, 0.9911084808755168, 0.990873396843587, 0.9950736183828669, 0.9759991465235383, 0.9759228370341497, 0.9883657814703747, 0.991623710332213, 0.9858747149603944, 0.9945217371405958, 0.9945497515978184, 0.9816958512662403, 0.9908316746864874, 0.9900460245961846, 0.9808811547577013, 0.9959228634857293, 0.9875476995446809, 0.9925111536538376, 0.9797420563586486, 0.9750311645203682, 0.9917704478129897, 0.993300559298337, 0.996468067173359, 0.9942328334047514, 0.9926275020728422, 0.9525169094147047, 0.9811784634100489, 0.9880616130234113, 0.9908999229515699, 0.9925683780048726, 0.993817035374965, 0.9942260396367307]
[0.976850421528724, 0.9836438913870983, 0.9842567022459069, 0.9921357822724859, 0.9863824264339509, 0.9936646232789488, 0.9933238645769163, 0.9831318781994102, 0.9701163699809106, 0.9927395015153084, 0.9854707960933609, 0.9919780636481108, 0.9901018878464843, 0.9933232128020054, 0.976739672130845, 0.9884816422746237, 0.9943436981772407, 0.9919055119824256, 0.9875252844356813, 0.9906557222843541, 0.9961867335512251, 0.9777709277158118, 0.9616899843133522, 0.9943110948024935, 0.9887667302734079, 0.9928193694493294, 0.9948750734463225, 0.9952691793460742, 0.9775413130862912, 0.989519061036274, 0.9852541944136386, 0.9907485885220418, 0.9958884120185914, 0.9934697750714958, 0.9963175058374434, 0.9747403266698788, 0.9631356071032385, 0.9910711696512633, 0.9834494822841007, 0.9925057914777833, 0.9937058772618865, 0.9915770916249061, 0.9798739911173554, 0.979244241950622, 0.9860915649899452, 0.9930296540929754, 0.9871678356356216, 0.9959988003329238, 0.9927793742077035, 0.9677260790076995, 0.9828984141495978, 0.9873318690288416, 0.9869029391210039, 0.9910395188662177, 0.9924398665148165, 0.9963222146963059, 0.9783896809184036, 0.9865750805941721, 0.9910531199873307, 0.9896472140046358, 0.9927082783549908, 0.9962615975169078, 0.9959946871218408, 0.9641405939730362, 0.9754970551031932, 0.9713169365155434, 0.9876968272608732, 0.9897962857161442, 0.9919770991779472, 0.9947550299971273, 0.9813768906301804, 0.9913918433944121, 0.9910660988290719, 0.991683432848791, 0.9925736785088911, 0.9964774251896034, 0.9944422251628289, 0.9649119234752609, 0.9835534868410336, 0.9897027687933612, 0.9886500275115746, 0.9917683726176706, 0.9883448003926458, 0.9970413447122246, 0.9517529817954358, 0.9670329754994624, 0.9884583955029702, 0.988214138276347, 0.9931300284537216, 0.9938296675694159, 0.9906964976259658, 0.9844015872064235, 0.9875408506386503, 0.9906450142649706, 0.9936668276824295, 0.9922416228249196, 0.9926668414339078, 0.9942214489383793, 0.9855225339709501, 0.9713009373326899, 0.9888003468547372, 0.9842982185286113, 0.9862194765300086, 0.9942438006580945, 0.9955208302178543, 0.9795463119998539, 0.9861276982080573, 0.9671510374885539, 0.9944247613030484, 0.9901461622535584, 0.9946315886387944, 0.994126561871009, 0.964110971311849, 0.9822123053784831, 0.9882431626596649, 0.9903201603805232, 0.9928396361673603, 0.9901934938417315, 0.9903691091163633, 0.9477708014135382, 0.9795796899569906, 0.991154849560835, 0.9942253250084396, 0.9884353389317752, 0.9952125562908493, 0.9934815185250616, 0.9439140358381142, 0.9822512637475125, 0.9836259386615342, 0.9870440989482615, 0.9947938920141044, 0.9907516356870059, 0.9948184511331256, 0.9744942209678624, 0.9834169577775462, 0.980972663478363, 0.9910003787683592, 0.9952004559090525, 0.9949130418898396, 0.9930267934396241]
[0.9608877236886875, 0.9855114244036102, 0.9919070638682855, 0.9945091616951293, 0.9896509686358568, 0.9965215921404661, 0.9938177474013093, 0.977694630892344, 0.9897053989254483, 0.9891792217402513, 0.993826926542528, 0.9933083057413454, 0.9919547438723015, 0.9933769709130279, 0.975687115613967, 0.9880685259605781, 0.9908166544484531, 0.9865199955956231, 0.9951922893819948, 0.9897725214590287, 0.9905260280950534, 0.9740510858318329, 0.984716063921694, 0.9877522588154856, 0.9776258469110866, 0.9933059825318578, 0.9942555428151949, 0.9969496131696167, 0.980189568982316, 0.9897867492075485, 0.984265285292195, 0.9846082191933109, 0.9945731163442347, 0.9891501211610273, 0.9962989687920137, 0.9756421469098916, 0.9893153328540565, 0.9927431993878371, 0.9929436458618534, 0.9929894823339022, 0.9908991677898868, 0.9914281967215433, 0.9659963360818877, 0.9833292496688615, 0.9875606345333862, 0.9924916635626388, 0.9967069029866262, 0.9954060317554893, 0.9962252390259336, 0.9860748936624973, 0.980009436850193, 0.9871104540379645, 0.9863659777460662, 0.989830915899344, 0.991240859237725, 0.9913239545595547, 0.9822667256908797, 0.9902410536175588, 0.9806505465716928, 0.9849746960718642, 0.993463995213113, 0.9973402024348716, 0.9928177598430834, 0.9597736040858924, 0.9758761784278476, 0.9842035777301412, 0.9919680962474422, 0.9954476360954265, 0.9944352549994873, 0.9958615908282608, 0.9747433254492924, 0.9880042083224793, 0.9799824573010526, 0.9875797053694741, 0.9937307244737063, 0.9858321708509242, 0.9957144875724728, 0.9818443098425647, 0.9741115202248912, 0.9857782159224984, 0.9932353503013392, 0.9960489273159008, 0.9919382988341262, 0.992819197370093, 0.9661032584765852, 0.9810125256656257, 0.9921450619054031, 0.9915314367067564, 0.9905112414255925, 0.994488359081665, 0.9968068599798823, 0.9642114352398115, 0.991910171387921, 0.9796046713752501, 0.9872902306714891, 0.9942793273603882, 0.9904136755281931, 0.9940180791625594, 0.9830138314194524, 0.9750387491175099, 0.9916517873638664, 0.9914647498884448, 0.9924139381428758, 0.9918061497279694, 0.9962145093506315, 0.9828214071536279, 0.9897704214608171, 0.9857504964078984, 0.99295610726334, 0.9931840922746759, 0.9960373641719287, 0.9927535084771802, 0.9644355855314477, 0.9881139419360899, 0.9853142528677555, 0.9944991485948094, 0.9924440449011876, 0.9927368836354187, 0.996003627778355, 0.9766641388534025, 0.9843990226338908, 0.9911812577728354, 0.9931220435076257, 0.9865578757727441, 0.9934922502039311, 0.9955729255322374, 0.9795854237634434, 0.9950839294171501, 0.9680038017677155, 0.9903562149894785, 0.9925513321121795, 0.9962713718575753, 0.9952076083936209, 0.9672703835583437, 0.9758921813837487, 0.9925470366536193, 0.9841209552393039, 0.9908022303309867, 0.9860093003038443, 0.9954543124039068]
CNOT_numses
[5718, 8838, 11664, 14784, 17818, 20768, 23532, 5776, 8856, 11806, 14492, 17782, 20464, 23556, 5788, 8666, 11770, 14808, 17380, 20388, 23218, 5802, 8736, 11748, 14566, 17516, 20268, 23304, 5820, 8710, 11620, 14602, 17838, 20404, 23280, 5754, 8816, 11816, 14854, 17470, 20210, 23214, 5910, 8660, 11770, 14408, 17296, 20316, 23534, 5826, 8598, 11886, 14650, 17936, 20392, 23602, 5896, 8754, 11702, 14638, 17522, 20320, 23088, 5912, 8632, 11508, 14634, 17620, 20494, 23304, 5982, 8398, 11942, 14618, 17812, 20438, 23130, 5880, 8838, 11776, 14724, 18232, 20364, 23030, 5738, 8880, 11946, 14578, 17676, 20764, 23252, 5734, 8738, 11812, 14364, 17640, 20392, 23180, 5972, 8740, 11620, 14476, 17980, 20404, 23272, 6004, 8814, 11714, 14356, 17784, 20432, 23120, 5958, 8760, 11528, 14660, 17394, 20594, 23338, 5736, 8592, 11392, 14872, 17538, 20856, 23442, 5882, 8854, 11628, 14550, 17590, 20368, 23308, 5826, 8562, 11608, 14506, 17860, 20436, 23164]
[4458, 6494, 9116, 11456, 13750, 15844, 18102, 4308, 6754, 9136, 11244, 13620, 15700, 18248, 4462, 6916, 9000, 11208, 13986, 15676, 17806, 4668, 6960, 8994, 11370, 13510, 15614, 18058, 4686, 6824, 8874, 11290, 13704, 15852, 17900, 4596, 6562, 8922, 11170, 13776, 15972, 18084, 4474, 6770, 8886, 11180, 13648, 15736, 17888, 4578, 6696, 8996, 11224, 13632, 15794, 17976, 4436, 6622, 9110, 11156, 13736, 15764, 17936, 4628, 6796, 9034, 11494, 13618, 15752, 18196, 4534, 6788, 9096, 11342, 13610, 15762, 17666, 4524, 6824, 9118, 11206, 13470, 15648, 17932, 4542, 6746, 8900, 11622, 13734, 15904, 18302, 4586, 6868, 8934, 11360, 13438, 15772, 17904, 4530, 6702, 8908, 11426, 13480, 15604, 18432, 4498, 6558, 9096, 11328, 13928, 15732, 18158, 4548, 7042, 8972, 11156, 13588, 16372, 18072, 4482, 6800, 8910, 11338, 13812, 15682, 17760, 4508, 6624, 9120, 11182, 13736, 15682, 18314, 4422, 6736, 9190, 11264, 13626, 15672, 18276]
[4626, 6732, 9112, 11142, 13822, 16024, 18112, 4550, 6550, 8986, 11108, 13840, 15798, 18370, 4444, 6634, 8904, 11232, 13934, 15946, 18152, 4638, 6882, 9108, 11272, 13622, 15596, 18310, 4622, 6794, 9218, 11414, 13698, 16036, 17988, 4562, 6718, 9132, 11204, 13634, 15714, 17822, 4526, 6754, 9060, 11314, 13830, 15656, 18310, 4312, 6646, 9294, 11092, 13798, 15762, 18246, 4530, 6726, 9104, 11154, 13720, 15866, 18156, 4530, 6734, 8896, 11314, 13878, 15878, 17982, 4566, 6832, 9034, 11240, 13504, 16058, 17682, 4550, 6856, 9094, 11348, 13366, 15854, 17712, 4512, 6466, 8934, 11612, 13540, 15732, 18132, 4538, 6768, 8958, 11360, 13944, 15790, 18122, 4490, 6728, 8972, 11216, 13700, 15586, 18264, 4514, 6600, 9174, 11512, 13616, 15836, 18318, 4552, 6794, 9236, 11300, 13800, 15828, 18026, 4452, 6772, 9002, 11146, 13770, 15586, 18122, 4480, 6642, 9188, 11256, 13620, 15672, 18152, 4512, 6738, 9082, 11278, 13804, 15926, 17934]
single_q_numses
[2965, 4658, 5986, 7649, 9304, 10765, 12310, 2985, 4594, 6170, 7555, 9294, 10645, 12252, 2999, 4462, 6112, 7687, 9006, 10565, 12006, 3005, 4448, 6128, 7505, 9046, 10487, 12064, 2961, 4498, 6042, 7627, 9224, 10551, 12072, 2969, 4586, 6240, 7685, 9080, 10627, 12060, 3047, 4444, 6096, 7435, 8924, 10411, 12258, 2949, 4424, 6178, 7641, 9414, 10475, 12236, 3061, 4460, 6108, 7569, 9030, 10569, 11956, 3095, 4504, 5974, 7669, 9138, 10659, 11978, 3167, 4290, 6348, 7549, 9210, 10613, 11940, 3093, 4656, 6082, 7565, 9476, 10561, 11922, 2949, 4580, 6274, 7457, 9184, 10751, 12118, 2953, 4478, 6100, 7429, 9060, 10623, 11978, 3093, 4498, 6012, 7519, 9356, 10449, 12058, 3097, 4542, 6152, 7441, 9216, 10513, 11924, 3107, 4474, 5918, 7671, 8972, 10851, 12144, 2957, 4386, 5910, 7769, 9208, 10953, 12206, 2995, 4674, 6088, 7541, 9112, 10535, 12106, 3015, 4366, 5996, 7475, 9248, 10567, 11962]
[2801, 4084, 5768, 7221, 8658, 10035, 11360, 2633, 4270, 5718, 7031, 8550, 9933, 11586, 2809, 4412, 5586, 7079, 8924, 9733, 11212, 2959, 4516, 5672, 7093, 8504, 9867, 11462, 2941, 4216, 5526, 7015, 8632, 10021, 11228, 2861, 3998, 5570, 7047, 8804, 9905, 11470, 2775, 4204, 5514, 7057, 8628, 9853, 11154, 2837, 4258, 5660, 6909, 8500, 9963, 11254, 2857, 4174, 5752, 6981, 8624, 9947, 11270, 2995, 4238, 5664, 7325, 8368, 9999, 11386, 2833, 4282, 5838, 7231, 8544, 9845, 10966, 2869, 4300, 5734, 6965, 8338, 9833, 11284, 2899, 4316, 5556, 7363, 8616, 10075, 11596, 2885, 4374, 5614, 7225, 8302, 10011, 11272, 2849, 4240, 5550, 7231, 8414, 9761, 11580, 2841, 4088, 5734, 7165, 8968, 9969, 11428, 2773, 4510, 5698, 7027, 8612, 10491, 11428, 2773, 4268, 5502, 7157, 8660, 9685, 11070, 2805, 4116, 5686, 7011, 8728, 9923, 11520, 2785, 4182, 5850, 7017, 8402, 9823, 11700]
[2961, 4354, 5648, 6913, 8618, 10139, 11324, 2861, 4142, 5652, 6967, 8848, 9941, 11586, 2835, 4130, 5568, 6891, 8770, 10079, 11512, 2939, 4348, 5820, 7017, 8460, 9661, 11616, 2949, 4278, 5830, 7195, 8620, 10071, 11132, 2921, 4136, 5586, 6989, 8516, 9889, 11030, 2863, 4214, 5838, 7197, 8770, 9751, 11596, 2649, 4098, 5868, 7049, 8708, 9819, 11600, 2913, 4190, 5758, 6907, 8528, 9997, 11372, 2845, 4184, 5426, 7077, 8758, 10085, 11474, 2829, 4322, 5630, 6979, 8448, 10009, 10964, 2825, 4240, 5696, 7155, 8360, 9859, 10988, 2849, 3962, 5622, 7459, 8424, 9871, 11442, 2887, 4222, 5586, 7179, 8684, 9969, 11374, 2849, 4230, 5652, 7037, 8550, 9599, 11462, 2865, 4138, 5736, 7255, 8516, 9847, 11594, 2869, 4270, 5884, 7029, 8742, 9979, 11216, 2749, 4220, 5646, 6943, 8610, 9629, 11356, 2809, 4174, 5810, 7117, 8580, 9643, 11292, 2789, 4250, 5786, 7095, 8656, 10229, 11214]
non-zero entry for P_0:
3600
non-zero entry for P_1:
97
non-zero entry for P_2:
305
time
5386.518732070923
