lam_list
 [[1.0, 0.0, 0.0], [0.4, 0.6, 0.0], [0.4, 0.3, 0.3]]
excute_time
 0.785
epsilon_list_1
 ['0.1', '0.067', '0.05', '0.04', '0.033', '0.0286', '0.025']
sampling_time
 5
acc_reses
[0.9751064595870009, 0.9787390846425369, 0.9927443922260754, 0.9904112352092285, 0.9927468896500274, 0.9936819091141812, 0.9922657611579376, 0.9799795751688105, 0.9819527420233037, 0.9914109722604393, 0.9885562673018478, 0.9935246155631945, 0.9907800719963983, 0.9943432221408592, 0.9748361126278487, 0.9926951583023644, 0.985873949102215, 0.9866343776807918, 0.9896598016188242, 0.9929989588840336, 0.9933497949906753, 0.9746228376281247, 0.9805099389726464, 0.9873448740921268, 0.9944117073413632, 0.9931174516822441, 0.994890392712081, 0.9947707057770139, 0.9855701555255911, 0.9899721149178728, 0.9886962318828769, 0.9909088616741739, 0.9903160584009176, 0.9900814909392419, 0.9948847905722321]
[0.9508195584101752, 0.987225005452777, 0.9931878447976501, 0.9915369876359976, 0.9923949849926837, 0.9872263970168075, 0.9965358972879815, 0.9584253194312573, 0.9872706573228424, 0.9890020560911, 0.9919835926944187, 0.9946172833456006, 0.9935945277308358, 0.993097663826609, 0.9753791588702393, 0.9897408797577555, 0.9923782969226824, 0.9934046273522689, 0.9940196875153269, 0.9943224787714996, 0.9940901405266791, 0.9769743595521251, 0.9936885242327259, 0.9864931128589791, 0.9908777475359126, 0.9903758238112532, 0.9963269233870568, 0.9956470732419667, 0.9727445845101956, 0.9789393775614965, 0.9850372842524882, 0.9877142931008377, 0.990054369025246, 0.9957510238015486, 0.9921336238639162]
[0.9826132667547807, 0.9843247633804975, 0.98992681537893, 0.9881247374039834, 0.9932957292086858, 0.9888361693598692, 0.9969004993037066, 0.9840558350248438, 0.9767319714347383, 0.985098794773994, 0.992124738518961, 0.9925611021125791, 0.9897235668010735, 0.9925126516246138, 0.9703275037536276, 0.9895854174365614, 0.9894675057048417, 0.9913741522380365, 0.9932423844851163, 0.9938664503565364, 0.9907459684429089, 0.9847031926224875, 0.9857733250658797, 0.9899376034902571, 0.9914379763399007, 0.990925140012359, 0.9942514302272074, 0.9956769347223077, 0.9633118526260149, 0.9919844919651155, 0.9915567692227172, 0.99237746003025, 0.9893781025147586, 0.9942466634378863, 0.9920461216154571]
CNOT_numses
[3210, 4916, 6638, 8178, 10080, 11588, 13156, 3310, 5098, 6614, 8412, 10000, 11472, 13222, 3288, 4964, 6684, 8018, 10030, 11476, 13280, 3246, 4866, 6764, 8274, 9912, 11356, 13226, 3346, 5006, 6614, 8188, 9676, 11516, 13008]
[2556, 3760, 5068, 6336, 7648, 9014, 10122, 2526, 3750, 5006, 6278, 7716, 8858, 10030, 2508, 3704, 5068, 6242, 7728, 9064, 10204, 2588, 3758, 5154, 6368, 7746, 8954, 10156, 2568, 3778, 5174, 6424, 7594, 8854, 10162]
[2574, 3850, 5014, 6412, 7780, 8750, 9956, 2462, 3876, 5036, 6404, 7696, 8874, 10134, 2464, 3756, 5056, 6366, 7588, 8686, 10232, 2518, 3792, 5088, 6430, 7494, 8986, 10246, 2520, 3782, 4912, 6244, 7736, 9112, 10128]
single_q_numses
[1682, 2572, 3481, 4229, 5180, 5960, 6898, 1728, 2696, 3423, 4329, 5194, 6028, 6882, 1684, 2610, 3457, 4197, 5276, 5948, 6930, 1652, 2552, 3545, 4305, 5146, 5848, 6862, 1736, 2620, 3397, 4261, 5014, 5984, 6790]
[1540, 2338, 3087, 3945, 4818, 5712, 6310, 1574, 2376, 3087, 4019, 4848, 5610, 6254, 1564, 2324, 3143, 3887, 4816, 5732, 6388, 1670, 2340, 3243, 4065, 4880, 5614, 6458, 1602, 2364, 3255, 4085, 4906, 5564, 6384]
[1652, 2484, 3117, 4033, 4852, 5406, 6210, 1528, 2480, 3211, 4029, 4732, 5516, 6208, 1536, 2304, 3243, 4065, 4744, 5340, 6434, 1580, 2380, 3143, 4025, 4730, 5694, 6402, 1572, 2372, 3075, 3941, 4904, 5690, 6202]
non-zero entry for P_0:
3600
non-zero entry for P_1:
97
non-zero entry for P_2:
305
time
351.1822292804718
