lam_list
 [[1.0, 0.0, 0.0], [0.4, 0.6, 0.0], [0.4, 0.3, 0.3]]
excute_time
 0.15
epsilon_list_1
 ['0.1', '0.067', '0.05', '0.04', '0.033', '0.0286', '0.025']
sampling_time
 10
acc_reses
[0.9752474887906648, 0.9839043032830853, 0.9882823825004177, 0.9910315871628688, 0.9936531791388838, 0.993098795478836, 0.9926872849549908, 0.976998986359595, 0.98243061320974, 0.9892512565212088, 0.9907080539600431, 0.9912530194493538, 0.9950899482389787, 0.9931457639455956, 0.9809434714920561, 0.9845457202100603, 0.9872667789684388, 0.9893352997000796, 0.9915674936857792, 0.993657648604908, 0.9925550224232979, 0.9799208100036451, 0.9832344095265068, 0.9872832894330225, 0.9915495517530709, 0.9929068694248235, 0.9943224787724251, 0.9939948328500641, 0.9775518775281486, 0.9861143326949382, 0.989269973561349, 0.9931827785010433, 0.9925045374911324, 0.9933938985731998, 0.9940214161499775, 0.978201031730827, 0.9835048344353311, 0.9874581697783074, 0.9892045260046457, 0.992912412198136, 0.992873311616894, 0.9927663207754489, 0.9723420148248528, 0.9828879834196235, 0.988268971889589, 0.9904208188799158, 0.9926535490331535, 0.9928506016750702, 0.9932004824467047, 0.9695974755981077, 0.9820146036206477, 0.9873092176034786, 0.9904494286332542, 0.9926663054567579, 0.9935665729050812, 0.9939842225480373, 0.9774174113138974, 0.9828003661174463, 0.9888756275517133, 0.9923316844013501, 0.9915431144084295, 0.9923617246117052, 0.9934417608171184, 0.9751577459524979, 0.9852862358687864, 0.989232301730874, 0.9913955932682216, 0.9930546895630721, 0.994034946042761, 0.9939802294085341]
[0.9593076301173221, 0.9703561756108662, 0.9806879170313534, 0.9837810995488806, 0.9884711505451564, 0.9905286431445989, 0.9916265607793971, 0.9591555146061587, 0.9731882248185098, 0.9844349625676002, 0.9882659984844553, 0.9868748788279725, 0.9892588877676145, 0.9899227031550406, 0.9585395659931993, 0.9723071402212307, 0.9777129896194692, 0.9854539040071371, 0.9864610436576897, 0.9898505807482318, 0.9878329039206718, 0.9704129035323767, 0.9726785432270343, 0.9831880332312024, 0.9866069585194022, 0.9869426493618754, 0.9889739155830904, 0.987443090048168, 0.9611616190483022, 0.9798002955360419, 0.9791655734389968, 0.9842981723147732, 0.9882161034846489, 0.9911282074937351, 0.989411234909254, 0.9567438981414124, 0.9750658896841423, 0.9803317416222643, 0.9820739636807089, 0.98453463105058, 0.9907294512487661, 0.9872609980605563, 0.9639317508968825, 0.9726074339692586, 0.9824820423227437, 0.9858243118734478, 0.9907640220525785, 0.9889524579075728, 0.9895852818483856, 0.9661679594470373, 0.9739813228945814, 0.9816840349988255, 0.9843501453423773, 0.990648748652027, 0.9899138817101024, 0.9890985499768303, 0.9690896203749964, 0.9733115470182012, 0.9842474571298904, 0.9867926326147408, 0.9875920531877398, 0.9875226056863451, 0.9894121885942109, 0.9627758325043375, 0.9770271180420024, 0.9838817786797018, 0.9855121385942599, 0.9860057235121691, 0.9906922585258721, 0.9913276436856938]
[0.9660917125127546, 0.9749150207207042, 0.9800776840536694, 0.9858854430297914, 0.9847131373127563, 0.986178120999651, 0.9915609961410424, 0.960051417444192, 0.9740591851715252, 0.981396616508876, 0.9868628993362734, 0.9884440319462794, 0.9912559989073335, 0.9899955400503992, 0.9583407058723475, 0.9692037296123391, 0.9822530774377404, 0.9848766327647783, 0.9893317225919442, 0.9882679582544835, 0.9894620778848098, 0.9636193090103524, 0.9781143101765484, 0.9831174037842904, 0.984110118595599, 0.988228619557826, 0.9894543886880521, 0.9896605015359187, 0.9627120627043755, 0.9752023510845989, 0.9836437702754631, 0.9834516672041727, 0.9878202687585304, 0.9915122989967137, 0.9891774072534031, 0.9746361665127036, 0.9765655410264281, 0.9830126817199716, 0.9846751109108951, 0.9860973972562962, 0.9875891808704379, 0.9900450707335566, 0.9677620535568393, 0.9746385534168731, 0.9822646397405431, 0.9861300634645324, 0.9867729559767559, 0.9882745150167236, 0.9925372600564487, 0.964576661901168, 0.9745027665324764, 0.9872154593654746, 0.9836121227515957, 0.9878351225855568, 0.9888621568703136, 0.9906166196942263, 0.9564909091457688, 0.974261117027007, 0.9834995943811184, 0.9864184301237598, 0.9875101447144818, 0.9913837322871121, 0.9902690649072428, 0.9640723020251909, 0.9778646934020596, 0.981618704061306, 0.9866197705701144, 0.9885363579243335, 0.9903235444884705, 0.9895455244917256]
CNOT_numses
[52818, 79058, 105614, 132198, 160532, 184776, 211394, 52914, 78972, 106264, 131802, 160572, 184730, 211672, 52786, 78930, 105710, 132024, 159864, 184710, 212154, 52888, 78962, 105910, 131486, 160396, 186168, 212058, 53242, 79226, 105936, 131816, 160792, 185026, 211772, 53050, 79086, 106276, 132190, 160390, 185454, 212026, 52468, 78618, 105872, 132372, 160250, 184624, 211368, 52888, 78898, 106010, 132064, 160268, 185264, 211920, 52604, 78998, 105774, 131772, 160242, 185368, 212174, 52546, 79210, 105882, 132404, 160208, 185474, 212118]
[30988, 46846, 62364, 77730, 93330, 109264, 123770, 31534, 46564, 62512, 77662, 95402, 108424, 124296, 30942, 46156, 62496, 77538, 94100, 109368, 123900, 30878, 46372, 62224, 78314, 94268, 108170, 123992, 30778, 46488, 62126, 77620, 94768, 107742, 123684, 30968, 46224, 62280, 77412, 93632, 108036, 123246, 31636, 45624, 62326, 77796, 94180, 109226, 124246, 31374, 47104, 62018, 77460, 94494, 108474, 123588, 31134, 46112, 62634, 77140, 93708, 108608, 124444, 30850, 46694, 62080, 77314, 94984, 109274, 124516]
[31594, 47200, 62158, 77780, 94450, 109042, 124964, 31382, 46478, 62540, 78256, 94672, 108786, 125052, 31012, 46942, 62598, 78094, 94520, 109540, 124732, 30882, 46580, 62420, 78366, 94320, 108626, 125306, 31278, 46632, 62796, 78084, 95016, 108564, 124632, 30818, 46784, 62496, 78066, 94200, 109708, 123584, 31048, 46412, 62140, 77304, 94434, 109170, 124888, 31218, 46514, 62550, 78222, 94430, 108406, 125400, 30746, 46000, 62536, 78550, 95438, 109214, 125248, 30668, 46162, 62124, 77040, 95212, 109074, 124804]
single_q_numses
[40756, 60877, 81520, 101904, 123544, 142603, 162757, 40728, 60935, 81928, 101556, 123506, 142583, 162937, 40642, 60839, 81470, 101990, 123088, 142625, 163585, 40730, 60873, 81670, 101414, 123604, 143531, 163055, 41038, 61009, 81830, 101644, 124028, 142499, 163223, 40636, 60957, 82038, 101794, 123582, 142641, 163365, 40586, 60605, 81480, 101752, 123372, 142421, 163043, 40474, 60675, 81646, 101828, 123546, 142609, 163531, 40494, 60817, 81652, 101566, 123364, 142649, 163425, 40672, 61141, 81492, 102054, 123584, 142597, 163501]
[26418, 39691, 52996, 66046, 79662, 92421, 105375, 26774, 39399, 52972, 66150, 80960, 92255, 105553, 26372, 39169, 53410, 66090, 79804, 92633, 105607, 26134, 39633, 53158, 66550, 80132, 92017, 105435, 26328, 39519, 52920, 66104, 80668, 92109, 105819, 26294, 39455, 53044, 65662, 79898, 92105, 105007, 26746, 38759, 53056, 65928, 79970, 92763, 105665, 26682, 39819, 52710, 65944, 80052, 92307, 105261, 26566, 39319, 53194, 65732, 79930, 92567, 106049, 26270, 39683, 52796, 65828, 80648, 92561, 105905]
[26680, 40251, 52904, 66246, 80176, 92977, 106215, 26740, 39585, 53244, 66204, 80510, 92455, 105811, 26506, 39961, 53224, 66502, 80570, 93077, 106225, 26322, 39669, 53034, 66566, 80352, 92597, 106381, 26198, 39453, 53276, 66596, 80516, 92575, 106239, 26338, 39949, 52996, 66212, 80090, 93465, 105169, 26464, 39429, 52872, 65738, 80168, 92511, 106005, 26522, 39707, 53044, 66708, 80350, 92109, 106417, 26266, 39093, 53298, 66752, 80900, 92787, 106215, 26240, 39349, 52758, 65732, 80792, 92959, 105791]
time
6426.258945226669
