lam_list
 [[1.0, 0.0, 0.0], [0.4, 0.6, 0.0], [0.4, 0.3, 0.3]]
excute_time
 0.15
epsilon_list_1
 ['0.1', '0.067', '0.05', '0.04', '0.033', '0.0286', '0.025']
sampling_time
 10
acc_reses
[0.9723923228097814, 0.9838458895782848, 0.9852180481013204, 0.9896869661140385, 0.9932247412394242, 0.9949529767263651, 0.9930376413321644, 0.9770000649243631, 0.9849290267152542, 0.9876904487943972, 0.9902397991140771, 0.9925186635051331, 0.9931666851171268, 0.9938850412137152, 0.9756426910971795, 0.9836584330174349, 0.9885556103222325, 0.9913727641217994, 0.9912146925953875, 0.9933891309730016, 0.9928510200215679, 0.9724565612310233, 0.9837283621674087, 0.9872415663427553, 0.9906081557379982, 0.9911790491306461, 0.9942994120298211, 0.9936571130102336, 0.9761796617357227, 0.9833908761515003, 0.988427043238436, 0.9910737874404635, 0.9916188124109678, 0.9934487345070094, 0.9935421944390918, 0.9783185750909557, 0.9825384694896642, 0.9889904873377329, 0.9891368754123477, 0.9909336585910677, 0.9928667549068533, 0.9934529662785353, 0.9780322910738045, 0.9812754613919237, 0.9898939728755726, 0.9907532938593229, 0.9934536814726657, 0.9939042337417434, 0.9942861796693772, 0.9726303832802415, 0.9841247802339713, 0.9877526189595706, 0.9916247130762813, 0.9932971596773834, 0.9936209919903031, 0.9937763220064364, 0.9726202171349215, 0.9865488450470443, 0.9866313361949567, 0.9905734063877583, 0.9932829739659425, 0.9923983218748091, 0.993630826508605, 0.976622586364117, 0.986668946563881, 0.9879748825315885, 0.9914099582682295, 0.9925939442427876, 0.9927577377773494, 0.9937310827644545]
[0.9567376662257217, 0.9710845994118531, 0.9842196132905691, 0.9852722926650136, 0.9895241858764092, 0.9891036153354296, 0.9874753952140576, 0.9567740136492497, 0.9701898998349027, 0.9818165908340193, 0.987443094789997, 0.9884488072450761, 0.9894880069040537, 0.9922841204906064, 0.9645547566194937, 0.974405407953929, 0.9768536771934643, 0.9859593510993059, 0.9865864520747772, 0.9893116355339834, 0.9896276004853407, 0.9546608983464916, 0.9754820004361069, 0.977880821932792, 0.9837248327394915, 0.9885919704036207, 0.9871461988646403, 0.9906023752446667, 0.9668452751358132, 0.9769285951291662, 0.9803586024040725, 0.9868828066975325, 0.9885357618431417, 0.9883573055794638, 0.9884468322733594, 0.9699561013424122, 0.9746360781035899, 0.9810956132105929, 0.9834250220070817, 0.9862021810837349, 0.9882829197290014, 0.988546849484047, 0.9627869802513479, 0.97593011772972, 0.9825121763115106, 0.9831956029052766, 0.983817460380451, 0.9892813564548492, 0.9894399646827757, 0.9582566496820755, 0.9798499480753465, 0.9806801081581377, 0.9842622944928698, 0.9868305993223679, 0.9872753024786232, 0.9905860430546577, 0.9578080485370282, 0.9701838746600756, 0.9834353506397286, 0.9876193406393355, 0.9900337459538221, 0.9896861912802845, 0.9911968708495995, 0.9586764881391554, 0.9746424032455362, 0.979217887490553, 0.9830818176278123, 0.9884756208503462, 0.9884687076544652, 0.9903069737971538]
[0.9637065619161787, 0.9732792400979607, 0.9792309558567797, 0.9863663922018048, 0.9863979889709324, 0.988752245917179, 0.9906008842545349, 0.960575390365083, 0.9772841373115834, 0.9811821713975198, 0.9844673876360626, 0.9874045882424473, 0.9892380252304938, 0.9917956591026076, 0.9638299391219951, 0.9702749248866326, 0.9822642869794208, 0.9867464326969714, 0.9887405692096557, 0.9914829758855528, 0.9912395478107239, 0.9604820034616165, 0.9727756387503229, 0.9856109619205081, 0.9864311816322714, 0.9909427168004901, 0.9878540659813668, 0.9873824125265094, 0.9603741766357021, 0.9720834494402871, 0.9815319187997488, 0.98539710046301, 0.988089088757132, 0.9878593107974216, 0.9907195568386725, 0.966419044489622, 0.9703789954077487, 0.9780020713930239, 0.984747470201033, 0.9855107099309888, 0.9909442070649983, 0.9905114784456325, 0.9665882609570061, 0.9805791491736018, 0.9853991866359529, 0.9851760974028528, 0.9880938538666013, 0.986501173366663, 0.9899294983167347, 0.9628797423710657, 0.9693462139541357, 0.9855555296186701, 0.9835423877010914, 0.9903224717882635, 0.9889688495467649, 0.9916503431118139, 0.9652246254725759, 0.9712280858814746, 0.9825025276022606, 0.9862433672881896, 0.9916388394443297, 0.9894384179525891, 0.9906677014428343, 0.9635713541100214, 0.9755822047195288, 0.9838536472150541, 0.9864736346696723, 0.9898124338706146, 0.9897572402719078, 0.9903690815114317]
CNOT_numses
[52928, 78802, 105926, 132448, 160964, 184308, 211330, 52826, 78656, 105928, 131822, 161044, 185094, 211170, 52926, 78846, 105824, 132696, 161092, 184682, 211994, 53060, 79326, 105974, 132488, 160818, 184528, 211590, 52444, 78916, 105628, 132446, 160666, 185270, 211630, 52764, 78732, 105970, 132384, 160440, 184518, 211574, 52844, 78870, 105474, 131832, 160614, 184634, 211318, 52982, 79030, 105420, 132668, 160602, 185184, 212402, 53126, 79142, 105498, 132434, 161132, 184740, 211646, 52960, 79026, 105430, 132328, 160260, 184842, 212128]
[30970, 46896, 62340, 78962, 94716, 109502, 125326, 30972, 46570, 62256, 78184, 94446, 108980, 124290, 31078, 46448, 62310, 78340, 94842, 109330, 124192, 31144, 46570, 62304, 77756, 94370, 108648, 124030, 31352, 46766, 62502, 78088, 94258, 109668, 124450, 31176, 46072, 62254, 78372, 95300, 108656, 124924, 31302, 46678, 62100, 77734, 95122, 109058, 125004, 31410, 46466, 61844, 77498, 94196, 108418, 125036, 30826, 45756, 63344, 78184, 95018, 108468, 125092, 31536, 45798, 61836, 77908, 94986, 110274, 123560]
[30908, 46828, 62540, 78670, 95064, 109234, 125238, 30798, 46676, 62444, 77968, 94382, 109072, 124322, 31486, 46660, 62090, 77772, 94824, 108924, 125528, 31526, 46356, 62924, 78212, 94718, 110584, 125658, 31338, 46574, 62228, 78306, 94688, 109852, 124944, 30726, 46966, 62288, 77764, 94378, 108378, 125098, 31360, 46938, 61712, 77458, 95084, 109352, 124044, 31060, 46200, 62616, 77642, 94930, 108472, 123948, 31048, 46808, 62326, 77912, 93954, 108296, 124750, 31538, 46622, 62264, 78424, 94462, 109338, 124298]
single_q_numses
[40808, 60573, 81408, 102084, 123954, 141955, 162679, 40600, 60689, 81622, 101424, 124142, 142401, 162345, 40620, 60731, 81414, 102170, 124120, 142483, 163463, 40808, 61091, 81832, 102068, 123750, 142439, 163077, 40384, 60695, 81546, 102120, 124000, 142775, 162949, 40800, 60753, 81540, 102374, 123728, 141913, 163117, 40808, 60715, 81420, 101772, 123672, 142201, 162335, 40630, 60905, 81298, 101970, 123858, 142655, 163237, 41014, 60879, 81244, 101922, 124076, 142393, 163097, 40684, 60997, 81488, 101974, 123250, 142387, 163413]
[26344, 39593, 52866, 66822, 80386, 92913, 106029, 26576, 39379, 53134, 66404, 80368, 92459, 105919, 26426, 39501, 52842, 66422, 80470, 92609, 105567, 26558, 39485, 53130, 66066, 80050, 92539, 105753, 26552, 39659, 53320, 66456, 80276, 93341, 105555, 26538, 39177, 52690, 66540, 80846, 92551, 106213, 26544, 39759, 52776, 65970, 80760, 92943, 106125, 26628, 39595, 52888, 66090, 80156, 92677, 105957, 26296, 39139, 53772, 66532, 80752, 92289, 106291, 26878, 39129, 52716, 66270, 80848, 93345, 105159]
[26188, 39717, 53036, 66910, 80716, 92799, 106757, 26180, 39707, 52998, 66480, 80018, 92835, 105609, 26864, 39491, 53006, 65908, 80616, 92203, 106615, 26614, 39549, 53344, 66660, 80586, 93857, 106783, 26740, 39653, 52782, 66524, 80236, 93227, 106399, 26348, 39833, 53020, 66148, 80178, 92273, 106545, 26458, 39943, 52546, 66056, 80680, 93015, 105221, 26358, 39457, 53452, 66082, 80724, 92519, 105925, 26298, 39819, 53000, 66226, 79746, 91971, 105987, 26658, 39549, 52794, 66744, 80430, 92739, 105905]
time
6351.857360601425
