lam_list
 [[1.0, 0.0, 0.0], [0.4, 0.6, 0.0], [0.4, 0.3, 0.3]]
excute_time
 0.785
epsilon_list_1
 ['0.1', '0.067', '0.05', '0.04', '0.033', '0.0286', '0.025']
sampling_time
 4
acc_reses
[0.9717804961064398, 0.9841777683564349, 0.985540749721634, 0.9906789675934974, 0.9924565553737181, 0.9944981932715875, 0.9915977764033669, 0.9752356452825498, 0.9798264504187584, 0.9889518023773871, 0.9896858936711298, 0.9926022892714879, 0.9918187287058939, 0.9932046548159125, 0.9785751258495918, 0.9846234354598417, 0.989872516922919, 0.9920076131932615, 0.9932675958697381, 0.9926862121251396, 0.9938246011814581, 0.9765903958294266, 0.984215557987831, 0.987239122396384, 0.9903103125554635, 0.9918199183384453, 0.9939168692658022, 0.9946706295377825]
[0.9632209564384049, 0.9794223526937578, 0.9853978400350879, 0.9867324967535779, 0.9865040831641438, 0.9915667782243308, 0.9917425514786289, 0.9576848773522859, 0.9804517095050456, 0.985669438983027, 0.9877128694157508, 0.9896581773055971, 0.9923282266876674, 0.9921320084910263, 0.9724986561143486, 0.9819719767856945, 0.9827874302869513, 0.9860298681023084, 0.9916188121068548, 0.9890631437354721, 0.9937979579170828, 0.9668930311661407, 0.9855920701160276, 0.9877766378891273, 0.987697601629582, 0.9860076346279114, 0.9866500618930134, 0.9925161006342056]
[0.9767558138945758, 0.9732186852388626, 0.9842911959998962, 0.9882831012298484, 0.9900748738729297, 0.9852902890981761, 0.9923474208622894, 0.9603973108914182, 0.981489493707785, 0.982936654187064, 0.9857863206429818, 0.99278491874678, 0.9917145391088907, 0.991162598140605, 0.96541280973976, 0.9773207941172058, 0.985601188797141, 0.9852082799817261, 0.9918844713012239, 0.9897505047715288, 0.9906842115890311, 0.9674135412450925, 0.9813903050344851, 0.9842438892616031, 0.9875198069439242, 0.9911340480155661, 0.991351724206779, 0.992339552456088]
CNOT_numses
[43884, 65316, 87292, 110008, 132806, 152752, 175962, 43780, 65996, 88392, 110442, 133164, 153380, 175902, 43544, 65184, 87034, 109524, 133568, 154498, 176776, 43658, 66596, 87452, 109952, 132642, 152116, 175198]
[25236, 37194, 50616, 62378, 75546, 87864, 101220, 25176, 37484, 50954, 62786, 76056, 88202, 101394, 25486, 37242, 50318, 63466, 76346, 89646, 102226, 25084, 37804, 50470, 62804, 75622, 87074, 100834]
[25436, 38096, 50856, 63570, 76800, 88782, 101292, 25474, 37812, 50810, 64246, 76790, 87668, 101618, 25148, 38342, 51188, 63260, 76938, 89162, 100308, 25664, 37428, 50316, 62920, 76458, 88214, 101884]
single_q_numses
[24700, 36667, 49144, 62043, 74497, 86144, 99249, 24618, 37239, 49636, 62163, 75075, 86532, 99033, 24620, 36661, 49146, 61641, 75231, 87372, 99331, 24574, 37745, 49368, 61713, 74429, 85506, 98903]
[17390, 26235, 35868, 43965, 52917, 61904, 71149, 17854, 26321, 36066, 44067, 53095, 62226, 71569, 17906, 26243, 35180, 44771, 53735, 62818, 71587, 17610, 26559, 35356, 44439, 52875, 61370, 70483]
[17648, 26645, 35512, 44243, 53565, 62374, 70609, 17740, 26485, 35644, 44987, 53509, 60822, 70811, 17348, 26815, 35332, 43711, 53375, 62106, 70021, 17746, 25847, 35142, 43983, 53019, 61396, 70777]
non-zero entry for P_0:
302500
non-zero entry for P_1:
1044
non-zero entry for P_2:
6175
time
174457.15349912643
