lam_list
 [[1.0, 0.0, 0.0], [0.4, 0.6, 0.0], [0.4, 0.3, 0.3]]
excute_time
 0.785
epsilon_list_1
 ['0.1', '0.067', '0.05', '0.04', '0.033', '0.0286', '0.025']
sampling_time
 4
acc_reses
[0.9782748838844766, 0.9782876373010694, 0.9871879240149202, 0.9924694896991211, 0.9927294260422004, 0.9930228591287116, 0.9940436483013974, 0.9760122903296452, 0.9851038004168532, 0.9874703891155827, 0.9904347658872661, 0.9928782584141462, 0.9918326139745908, 0.9937993288265765, 0.973943142646898, 0.9852834355518688, 0.9891633392037439, 0.9895862340928141, 0.992616177245893, 0.9933287516553208, 0.993764162117187, 0.9758609946747758, 0.9810833339931206, 0.9861293435610103, 0.9886565817096716, 0.9921414257965627, 0.9929859042690526, 0.994752466723286]
[0.9740761575021116, 0.9759220245656719, 0.9873851538095993, 0.986425644024619, 0.9915650489948665, 0.9890544483162734, 0.9904773851758554, 0.9726527343019185, 0.9737893448687627, 0.9860132934640816, 0.9860522173517613, 0.988658547425869, 0.9903630033020789, 0.9896373184632776, 0.9729021645505227, 0.9773648532962489, 0.9818326929602409, 0.988446299728766, 0.9917853480612968, 0.9925464392622098, 0.99202376621104, 0.9686492791949434, 0.9766219915294648, 0.9838209763281017, 0.990135372331458, 0.9909445646987745, 0.9932780265930488, 0.9899635912513725]
[0.9659719479779932, 0.9750002178210807, 0.9823645455581075, 0.9890444892232113, 0.9881555448864348, 0.9913910630063735, 0.9920211442590994, 0.9755380991961344, 0.9826923613455114, 0.9826860428809167, 0.9865776333008692, 0.9902504700485836, 0.9912499189380798, 0.9877219802980297, 0.9716632808247662, 0.9789203612738627, 0.9864313006946629, 0.9844944543093028, 0.9890400778496949, 0.9875929963445348, 0.9927961240489616, 0.9728134421082785, 0.978642911561562, 0.9865896114762394, 0.9913973833565903, 0.9878625282726198, 0.9914821387161408, 0.9937316775869149]
CNOT_numses
[43438, 65730, 86942, 109562, 132388, 154352, 174840, 43634, 65648, 87460, 109618, 132036, 152936, 174648, 43536, 64818, 87362, 109858, 132118, 153860, 174570, 43488, 65736, 88098, 108828, 132456, 152964, 175904]
[24872, 37052, 50970, 62902, 76706, 87818, 100532, 25550, 37816, 50492, 62840, 75990, 88022, 100648, 25688, 37750, 50804, 62942, 76740, 87830, 99502, 25592, 37846, 50378, 62638, 75972, 88378, 100298]
[24680, 38048, 50088, 63866, 76168, 89446, 100830, 26008, 37818, 50534, 64146, 76488, 88710, 102456, 25238, 37316, 50830, 62442, 75926, 88436, 100576, 25310, 37774, 50672, 62802, 77630, 89208, 101532]
single_q_numses
[24352, 36855, 48934, 61767, 74431, 87000, 98707, 24670, 37015, 49230, 61685, 74293, 85726, 98325, 24434, 36529, 48974, 62085, 73935, 86840, 98639, 24446, 37157, 49980, 61061, 74295, 86372, 99279]
[17374, 25981, 35966, 43943, 54069, 61804, 70943, 17780, 26507, 35428, 44065, 53597, 61890, 70725, 18130, 26175, 35990, 44339, 54095, 61524, 70249, 17974, 26471, 35544, 44177, 53547, 62218, 70241]
[17328, 26407, 34944, 44403, 52773, 62990, 70235, 18064, 26265, 35010, 45095, 53349, 62136, 71313, 17520, 25891, 35626, 43455, 52615, 61344, 69933, 17814, 26559, 35332, 43579, 54149, 62444, 70855]
non-zero entry for P_0:
302500
non-zero entry for P_1:
1044
non-zero entry for P_2:
6175
time
176957.53770256042
