lam_list
 [[1.0, 0.0, 0.0], [0.4, 0.6, 0.0], [0.4, 0.3, 0.3]]
excute_time
 0.785
epsilon_list_1
 ['0.1', '0.067', '0.05', '0.04', '0.033', '0.0286', '0.025']
sampling_time
 4
acc_reses
[0.9780485049884168, 0.9845817796769195, 0.9858488501869593, 0.9885327851237299, 0.9915371545837981, 0.9923747188634066, 0.993035614670704, 0.9704242945978776, 0.9823488063816262, 0.9882281426007228, 0.9907941822860709, 0.9898012281832237, 0.9923642876169422, 0.994227409464386, 0.9698058637870348, 0.9838882755270655, 0.9881875533442831, 0.9891161969201097, 0.993726253539633, 0.9933997993129772, 0.9936190844236449, 0.9758449810406256, 0.9848019489042719, 0.9903626442993201, 0.9921060800901943, 0.9912019372117684, 0.9926359658480434, 0.9928307543527212]
[0.9703705384326609, 0.9785180746654268, 0.9834799893922066, 0.9898340702703236, 0.9917169229481249, 0.9900793457455246, 0.9900736214979159, 0.9725241664014963, 0.9810211746538049, 0.9821983294311583, 0.9875957483739989, 0.9877249003815487, 0.9927364588049459, 0.9917830247799373, 0.9694623459458139, 0.9829083681954962, 0.982884528562569, 0.9888562561042302, 0.987208426256017, 0.9927924874009709, 0.9903991245482522, 0.9704346275657261, 0.9810274279320602, 0.9837936786527443, 0.9905504596180772, 0.9885892434588921, 0.9916787151211127, 0.9906898143550383]
[0.9664418110177776, 0.9831262929505492, 0.980798606197769, 0.9797117729675648, 0.991509199474547, 0.9888069633559761, 0.9894365076329178, 0.9681861625436363, 0.9809576986825183, 0.9862517118762318, 0.9874979349267289, 0.9902825957064569, 0.9921072721492721, 0.9936931133438472, 0.9712880902274766, 0.9762335676545348, 0.9868124190804438, 0.9907450086695662, 0.9925656916858174, 0.9927571417139278, 0.9921982887851389, 0.9743023050073285, 0.9814786966087431, 0.9836657141909397, 0.9853883441508119, 0.9907845864430167, 0.992086350920584, 0.9896060830829366]
CNOT_numses
[43682, 64992, 87678, 110404, 132502, 153028, 173422, 43992, 65142, 88136, 108392, 132988, 153688, 174730, 44060, 65364, 87944, 109814, 132870, 153352, 176272, 43584, 65768, 86968, 109130, 133496, 152696, 175120]
[25670, 37856, 50878, 62740, 76410, 88086, 100804, 25182, 37654, 50610, 62598, 75682, 88064, 101096, 25220, 37826, 50776, 63950, 77450, 87904, 100742, 25462, 37290, 50786, 62946, 75206, 87510, 100002]
[25110, 37800, 50824, 63042, 77016, 88912, 101980, 25892, 37674, 50604, 63040, 77318, 87998, 101332, 24984, 37454, 51422, 63838, 77148, 88874, 101788, 25652, 37064, 50960, 64196, 77242, 88544, 101776]
single_q_numses
[24642, 36493, 49182, 62401, 74317, 86274, 97947, 24830, 36591, 49510, 61067, 75023, 86248, 98715, 24922, 36701, 49598, 61665, 74697, 86234, 98911, 24212, 36975, 49072, 61429, 75067, 85616, 98625]
[18236, 26771, 35836, 44213, 53791, 62116, 70555, 17796, 26421, 35556, 44217, 52975, 62074, 70613, 17654, 26391, 35968, 44995, 54525, 61478, 70993, 17958, 26167, 35598, 44323, 52853, 61148, 70455]
[17480, 26211, 35336, 44123, 53933, 61632, 71549, 18272, 25969, 35398, 43883, 53909, 61250, 70745, 17444, 25893, 35802, 44421, 53969, 61700, 71273, 17860, 25841, 35416, 45289, 53709, 61804, 70299]
non-zero entry for P_0:
302500
non-zero entry for P_1:
1044
non-zero entry for P_2:
6175
time
176118.71512889862
