lam_list
 [[1.0, 0.0, 0.0], [0.4, 0.6, 0.0], [0.4, 0.3, 0.3]]
excute_time
 0.785
epsilon_list_1
 ['0.1', '0.067', '0.05', '0.04', '0.033', '0.0286', '0.025']
sampling_time
 4
acc_reses
[0.9779576740768957, 0.9841607836914285, 0.9860879195866848, 0.9912507534589675, 0.9922845363701236, 0.9912655950136585, 0.9958773256003224, 0.972566425955803, 0.9847455621054431, 0.9833127907891511, 0.9879796513463184, 0.9907444715652582, 0.9929825067520378, 0.9934033157138054, 0.9788854721454098, 0.9824517397374208, 0.9871705174447456, 0.9884389043800296, 0.9899184704276093, 0.9943146109653053, 0.9938179850607661, 0.9743185201253766, 0.9845417143581003, 0.9855045082952149, 0.9927855732320683, 0.991613388584064, 0.9928210974119709, 0.9916760926972396]
[0.9648791450953302, 0.9813431143658353, 0.9817225842464691, 0.9861900262916877, 0.9881593647679267, 0.9907143132581339, 0.9895323524049253, 0.9700238292732887, 0.9865104558440402, 0.9864302911108878, 0.9820132274273684, 0.9926350120950362, 0.9924123296078685, 0.9910622835341053, 0.9707756850155018, 0.9815634494870024, 0.9773395693047908, 0.9884199507608032, 0.988222601124067, 0.9895573858419805, 0.9926264286041765, 0.9726568266289405, 0.9822765589378019, 0.9825559858191388, 0.9891638806898859, 0.9884042767825469, 0.9910725953675226, 0.9919742943978856]
[0.9688664739349063, 0.9816184656347384, 0.980140235495925, 0.9882059731054601, 0.9896754681145558, 0.990231157933649, 0.993218362419884, 0.9789259461618898, 0.9766916037342941, 0.98699533939399, 0.9906064896917681, 0.9928044080756828, 0.9908348338538592, 0.9922326811980136, 0.9523926976963402, 0.9794585022876995, 0.9837939195755777, 0.989491045940877, 0.988171221675543, 0.9915237428034799, 0.9915708303900811, 0.9761675202883736, 0.9798641396265407, 0.9792035129184434, 0.9890727996962229, 0.9919594537342693, 0.9906392693658607, 0.9925770164448597]
CNOT_numses
[43792, 65486, 88216, 110240, 133454, 153566, 175082, 44292, 65064, 87570, 109778, 132884, 153688, 175388, 44208, 65534, 88630, 110024, 132316, 153554, 174950, 44266, 65900, 86704, 108858, 132920, 152904, 175496]
[25396, 37368, 49694, 63644, 76572, 88652, 101192, 24850, 37364, 49980, 63682, 76222, 89156, 100088, 25264, 37350, 51336, 63156, 76486, 86962, 100848, 25268, 37436, 50296, 62764, 76824, 88000, 101026]
[25324, 37596, 51326, 62880, 75800, 87804, 102160, 25454, 37694, 50546, 64606, 76648, 89148, 102800, 25150, 38230, 50546, 63576, 77298, 89344, 101272, 25438, 38418, 50398, 63258, 76808, 88786, 101446]
single_q_numses
[24456, 36785, 49712, 62191, 75307, 86336, 98459, 24882, 36601, 49084, 61907, 74715, 86714, 98531, 24956, 36775, 49868, 61779, 74517, 86562, 98631, 25038, 37239, 48880, 61265, 74921, 85874, 98909]
[17796, 26299, 34610, 44785, 53733, 62784, 71381, 17522, 26373, 35218, 45113, 53703, 62864, 70553, 17886, 26329, 36218, 44169, 53791, 61154, 71163, 17968, 26329, 35514, 44091, 54025, 62056, 70771]
[17530, 26309, 36186, 43687, 52751, 61042, 71435, 17912, 26287, 35152, 45451, 52999, 62542, 71725, 17492, 26583, 35054, 43913, 54089, 62184, 70681, 17862, 27049, 35380, 44097, 53781, 61910, 70677]
non-zero entry for P_0:
302500
non-zero entry for P_1:
1044
non-zero entry for P_2:
6175
time
174485.01922774315
