lam_list
 [[1.0, 0.0, 0.0], [0.4, 0.6, 0.0], [0.4, 0.3, 0.3]]
excute_time
 0.785
epsilon_list_1
 ['0.1', '0.067', '0.05', '0.04', '0.033', '0.0286', '0.025']
sampling_time
 4
acc_reses
[0.977823496319805, 0.9843863276303255, 0.9868959231068721, 0.991578102221725, 0.9916967759297769, 0.9934016466711098, 0.9925471546501186, 0.9806373120428521, 0.9801643498053192, 0.9884905222549946, 0.9908093810134347, 0.9887965322615287, 0.9923233395958545, 0.994727551954455, 0.9738968131510526, 0.9829315120901686, 0.9865212442190372, 0.9897282124081787, 0.9903429762014602, 0.9927675128493598, 0.9931269885538825, 0.9808200237670074, 0.9846346446083928, 0.988194587506898, 0.9905103445611623, 0.992374301403982, 0.9923080206298783, 0.9947076446691158]
[0.9735207615318572, 0.9728391443973224, 0.985131324532469, 0.9861950333010026, 0.9867571184383698, 0.992814838905131, 0.9933370960779031, 0.973834938375357, 0.9720782667011323, 0.9822461132404221, 0.9898431913197501, 0.9862814554959407, 0.9898869399594291, 0.9914407134091873, 0.9672027373717134, 0.9761142134789649, 0.9868797092406948, 0.983559847952569, 0.9888056585720986, 0.9908347135294011, 0.9886647477756411, 0.9743012772234835, 0.9833107764294066, 0.9858376979827927, 0.9863778355671065, 0.99093943839932, 0.9909975529204907, 0.9902529773594144]
[0.9675963224181093, 0.9801602664602593, 0.986756694294168, 0.9878904239733147, 0.9907013180362386, 0.991158127874004, 0.9896297466190888, 0.9650206582317447, 0.9790435457996245, 0.9778778776433377, 0.99006456486108, 0.9890640992952325, 0.9893770220381332, 0.9914914407404726, 0.9722750324213445, 0.9742740102937903, 0.9840908697167805, 0.9863363596088287, 0.9918411977510164, 0.9891903407076011, 0.9924410583297952, 0.9772124973934357, 0.9768114578815993, 0.9860214008537244, 0.987356010840572, 0.9891127348289137, 0.9899197881703847, 0.9926475882606236]
CNOT_numses
[43866, 65032, 87604, 109300, 133502, 152496, 176308, 44172, 65674, 87942, 110002, 131484, 153518, 175106, 43886, 65682, 88300, 108876, 133114, 153356, 175926, 43564, 65144, 87476, 109250, 133524, 153054, 175444]
[24908, 37596, 50844, 61950, 76234, 87770, 101386, 24478, 37128, 50890, 63004, 76462, 87566, 100786, 25258, 37510, 50554, 62638, 76574, 86832, 101808, 25936, 36900, 50512, 62430, 76364, 88290, 102212]
[25818, 38160, 50036, 63416, 75778, 89354, 101038, 25252, 37454, 50488, 63540, 77776, 88124, 103220, 25446, 38314, 50898, 63276, 76662, 88276, 102134, 25118, 37714, 51544, 63188, 77722, 89690, 101174]
single_q_numses
[24842, 36449, 49294, 61215, 74945, 85646, 99279, 24752, 37007, 49542, 61995, 73511, 86202, 98543, 24682, 37147, 49910, 61419, 75113, 86554, 98647, 24536, 36645, 49330, 61563, 75159, 86154, 98933]
[17570, 26453, 35752, 43737, 53487, 62094, 71425, 17152, 25977, 35836, 44291, 54147, 61688, 70853, 17726, 26377, 35712, 44143, 54103, 61254, 71843, 18298, 25993, 35456, 43899, 53727, 62226, 71933]
[18074, 26503, 34984, 44327, 52969, 62436, 70431, 17656, 25963, 35264, 44623, 54231, 61346, 72613, 17792, 26555, 35044, 43963, 53257, 61460, 71441, 17592, 26255, 35914, 44099, 54537, 62804, 70887]
non-zero entry for P_0:
302500
non-zero entry for P_1:
1044
non-zero entry for P_2:
6175
time
175285.3660452366
