lam_list
 [[0.2, 0.8, 0.0], [0.8, 0.2, 0.0], [0.2, 0.4, 0.4]]
excute_time
 0.785
epsilon_list_1
 ['0.1', '0.067', '0.05', '0.04', '0.033', '0.0286', '0.025']
sampling_time
 20
acc_reses
[0.9845099210306129, 0.9793414982294348, 0.9891009658154203, 0.9941037979168685, 0.9915298775415254, 0.993919977336163, 0.9886811766674477, 0.9739071303754508, 0.9851180942908223, 0.9878152390027942, 0.9929841601260467, 0.995247060074316, 0.9889541989361635, 0.9964630899573526, 0.9841754436836901, 0.9868648972825118, 0.9890713678801515, 0.9907579842825798, 0.9935555860116054, 0.9893685346294332, 0.9945872884690004, 0.9884735534143593, 0.9764519336363052, 0.9831866899460899, 0.9935631665590763, 0.9944811763356084, 0.9912239867730172, 0.9968204319887319, 0.9833063484644554, 0.9872682772038139, 0.9859157856360147, 0.9925235369100609, 0.9933715878697652, 0.9926907105700165, 0.9943739220173068, 0.9829649799318718, 0.9866291970057234, 0.9881482535664633, 0.9887495502612532, 0.9733233508848912, 0.9915035100043587, 0.9946949408087008, 0.9879197606425163, 0.9930242400833281, 0.9865371385925782, 0.9904381181505859, 0.9841864738568611, 0.9908793291144854, 0.9885552494486495, 0.9846482192996798, 0.9905958431276138, 0.9910653315336232, 0.9888922624181736, 0.9915150766737164, 0.9920498313564993, 0.9934987724201935, 0.9601715569226776, 0.9732307370914867, 0.985589359550617, 0.9921712007989826, 0.9871682266776484, 0.9868560344199071, 0.9938259600239303, 0.9790322402539647, 0.9884306027465133, 0.9851203290597041, 0.9893966881479452, 0.9851447078721278, 0.9939936051826682, 0.9967307169098361, 0.980558113700425, 0.974998048502359, 0.9892288179896039, 0.9881573242203967, 0.9916191388515857, 0.9940962981914391, 0.9917872126337689, 0.9516975625734523, 0.9836921053547012, 0.9830843321116809, 0.9846384411442132, 0.9908726230418289, 0.9940798096476174, 0.9904476862278502, 0.9629979492523406, 0.9816968271216875, 0.9891455158504594, 0.9760301685442172, 0.9949551689708208, 0.9962833617780278, 0.9921980722964407, 0.9649611952070518, 0.989940335763165, 0.9876730083365198, 0.9945897761730541, 0.9858370145989307, 0.9938308184979789, 0.9953500510078226, 0.9514514411249703, 0.9841344009203347, 0.9850613684762608, 0.9852365858095441, 0.9895792677926218, 0.9944235460190167, 0.9943912866058494, 0.9694393094586816, 0.9838098072709397, 0.9902609556437507, 0.986486353641607, 0.9902738268100754, 0.9890921958914156, 0.9909676630775022, 0.9765963042109003, 0.9902462312438948, 0.9835044880873272, 0.9873021384642648, 0.9868388813367733, 0.9889683646343927, 0.993387566697667, 0.9840475523289393, 0.9857494281189926, 0.9889919946820726, 0.9853342772917159, 0.9951744423218046, 0.9916004734563346, 0.9939675713439883, 0.9789159204394207, 0.9786578522716016, 0.9881019537511844, 0.9845756000510795, 0.9891113539626031, 0.996809541550692, 0.9910804327203687, 0.9638005002826343, 0.9661069754599678, 0.9911929870926969, 0.9869464846636431, 0.9915478334607325, 0.9946342036962331, 0.9924154686423441]
[0.9803397858472453, 0.9835591202261781, 0.9830765641130895, 0.9925256766283883, 0.9904005172887057, 0.9914383856116756, 0.9948457190796294, 0.981911022918053, 0.9900189090553756, 0.9930617839537278, 0.989501645660038, 0.9947108659157116, 0.9906206567629886, 0.9938920254410769, 0.9781458005136844, 0.9854076311738866, 0.9932233606381545, 0.9931491880390684, 0.9933674275959019, 0.9909613302461174, 0.9961098183677937, 0.9816405990056354, 0.9896568683287821, 0.9864749574004392, 0.9841692432827284, 0.993756791882287, 0.9959396041744054, 0.9949305130211393, 0.984593775211232, 0.9811353273349015, 0.9918900021535005, 0.9923570596046453, 0.9937720677976694, 0.9935381854483666, 0.9960110193426873, 0.9784390231778713, 0.9906916522261913, 0.9869004343428575, 0.9892649917670631, 0.9961256902516941, 0.9952077890016908, 0.9968960298684227, 0.9824922067613857, 0.9804390836834386, 0.9873940841252223, 0.991254810742772, 0.9916053615131669, 0.9920256383104067, 0.9910670052277297, 0.980228058909068, 0.9865833393172756, 0.9883230779415172, 0.9857946227746835, 0.9943344805522268, 0.9917444739532223, 0.9960376963798455, 0.9813153658946139, 0.9871168038896638, 0.9902427748223422, 0.9904786835313171, 0.992216746808125, 0.9958342125637102, 0.994754763063491, 0.9667677224103919, 0.9873344137684277, 0.9848527339291231, 0.9883385680002672, 0.9933906569640859, 0.9922524157536287, 0.9953221729392105, 0.9667803384401629, 0.9892545271866817, 0.9850411460772733, 0.9929065549868917, 0.991596739416648, 0.9897750264394841, 0.9937370559877843, 0.9766172718461655, 0.9889627462098461, 0.9910595140200875, 0.9831831175330868, 0.9931522564059507, 0.9913417781752586, 0.9920608233241578, 0.9821650623860267, 0.989452884593356, 0.9883763759420466, 0.9895567301766244, 0.9847783171931773, 0.9941467686196219, 0.9892276651114327, 0.9562701170633354, 0.9867320611872725, 0.9880470161481228, 0.98798847911029, 0.9950333304842507, 0.9949919805694961, 0.9877112243474475, 0.9732886580130531, 0.9858396649019192, 0.9874498988421775, 0.994184968795968, 0.9950094876498452, 0.9934526029743336, 0.9946477075977729, 0.9702595759078257, 0.9800641752943307, 0.9942412824472278, 0.9920490514629742, 0.9875571091666644, 0.9904689003022382, 0.9934153923858872, 0.9852960686057495, 0.9867515880529413, 0.9817290034021624, 0.9907360448431387, 0.9912286191672096, 0.9936980248029771, 0.9935527008592847, 0.9841980778084162, 0.9660745457026602, 0.9803642123138221, 0.9907554238896995, 0.9913709993865396, 0.9914466568162671, 0.9963138238245658, 0.9834377852691122, 0.9891617910082106, 0.9945476443337347, 0.9957019469730655, 0.986606705198605, 0.9936733968347993, 0.9928870214524232, 0.9819502431622832, 0.9815806302429214, 0.990691005990464, 0.9955904652975461, 0.9918478044991443, 0.9946322535371802, 0.9952218478966768]
[0.9706508607573768, 0.9743252169472284, 0.9683855095574433, 0.9774455745089716, 0.9929383111763522, 0.9916121029984127, 0.9907544289561032, 0.9771983731775713, 0.9707970306474398, 0.9896186512420763, 0.9668580454526056, 0.9903915107149164, 0.9940627644503999, 0.995161081462846, 0.9795019491764545, 0.9848743298003646, 0.9897440423213173, 0.9874543772062756, 0.9914417789088588, 0.9959257970445443, 0.9944614246213722, 0.9797147561627512, 0.9836952297595057, 0.989725697383588, 0.9879981892650541, 0.9904259614965529, 0.9921911596406046, 0.9909458503860684, 0.9493541688267454, 0.9872693996283755, 0.9767752333160891, 0.9898163166929153, 0.9873399531653522, 0.9886037065377853, 0.9922666797861092, 0.9808418747347639, 0.9839171655869478, 0.9877763736192731, 0.9882709917940246, 0.9908937483596212, 0.9958898074577004, 0.9952255255196677, 0.9779818322799042, 0.9670614116884487, 0.9923742065718554, 0.9856378198463287, 0.9870580453422906, 0.9891937049078875, 0.9902240723681974, 0.9719170219935962, 0.9895464105738393, 0.9846384537772744, 0.9852342954640674, 0.995175351289519, 0.9914893418386055, 0.9934076617802934, 0.9817713462858382, 0.9848769485887674, 0.9847708352070441, 0.9903435863864868, 0.9916685562928563, 0.9933306396724251, 0.9966224216571914, 0.9819538072424323, 0.9856446855456604, 0.9899947880608224, 0.9827956914434005, 0.9806079890729015, 0.9939850324049454, 0.9965269561541966, 0.9837713946472308, 0.9909625925382828, 0.983684174899976, 0.9884874480906279, 0.9924001260345225, 0.9909339160723802, 0.996007161931298, 0.9786318868655339, 0.990246619867155, 0.9852062080392835, 0.9863281759320207, 0.9964000224471201, 0.9934917348854444, 0.9957895322235595, 0.9680637943002418, 0.9794490791516604, 0.988654505235141, 0.9924202801913162, 0.9962263005839752, 0.9921034191115017, 0.9925220280717275, 0.9455389121525724, 0.9880959119972138, 0.9843270421949759, 0.9884893363717691, 0.9912501495876843, 0.9929618171050619, 0.9944196820617318, 0.974144949528685, 0.974185739613402, 0.9883183887981524, 0.9848253742728722, 0.9905216822807258, 0.9905422487655331, 0.994256372667958, 0.9748365766571518, 0.9783780260194634, 0.98910289692915, 0.9885489740348202, 0.9890097309605507, 0.9931950860918667, 0.9928696774603696, 0.9670263156275176, 0.9908471602008001, 0.9870912890257055, 0.9920438884477488, 0.9911206279611114, 0.9914268615461916, 0.9924134019726946, 0.9780261555667483, 0.98218872287914, 0.9748229696337818, 0.984418404391961, 0.9947480434651712, 0.9927875589481967, 0.9906030342421472, 0.9689810871181055, 0.987406755741656, 0.9852139320102237, 0.9912000195724959, 0.992332985438197, 0.986772446864274, 0.9930850592195807, 0.9787681202720352, 0.9817749215027186, 0.991704146042157, 0.9872808164438868, 0.9912864716863323, 0.991337856957829, 0.987059662261082]
CNOT_numses
[4676, 6730, 9214, 11358, 13742, 16176, 17872, 4480, 6946, 9010, 11094, 13684, 16204, 17780, 4536, 6736, 8864, 11328, 13944, 15762, 18090, 4554, 6940, 9210, 11360, 13974, 15564, 18018, 4394, 6868, 9226, 11630, 13788, 15820, 17946, 4618, 6762, 9110, 11406, 13568, 15868, 18370, 4486, 6866, 9134, 11208, 13898, 16016, 17990, 4500, 6840, 9262, 11220, 13552, 16202, 17978, 4640, 7054, 9144, 11552, 13626, 16158, 18030, 4534, 6844, 9192, 11204, 13550, 15820, 18212, 4474, 6808, 8998, 11460, 13476, 15898, 18196, 4570, 6766, 8914, 11384, 13814, 15856, 18378, 4646, 6614, 9166, 11356, 13586, 15916, 17946, 4630, 6714, 8928, 11534, 13426, 15680, 18478, 4566, 6720, 9182, 11056, 13452, 15808, 18202, 4610, 6890, 9028, 11280, 13556, 16142, 18380, 4456, 6740, 9008, 11156, 13612, 15442, 17976, 4542, 6836, 9108, 11280, 13512, 15806, 18560, 4472, 6466, 9378, 11424, 13970, 15864, 18074, 4770, 6776, 9016, 11436, 14124, 15848, 18206]
[5838, 9088, 11704, 14852, 17638, 21024, 23742, 6062, 8712, 11988, 14826, 17952, 20962, 23514, 5928, 8788, 11938, 14968, 18012, 20914, 23966, 5904, 9102, 11900, 14722, 17962, 20920, 23676, 5934, 9214, 12026, 15140, 17640, 20622, 23384, 5916, 9044, 11880, 14676, 18048, 20926, 23794, 5734, 8852, 11876, 14692, 17896, 20730, 23690, 6032, 8816, 11950, 14872, 17796, 20760, 23712, 5896, 8866, 11724, 15004, 17792, 20812, 23576, 5854, 8716, 11764, 14870, 17896, 21176, 23780, 5798, 8910, 11984, 14970, 18080, 20894, 23964, 5978, 8970, 11824, 14832, 17682, 21012, 23614, 6036, 8844, 11788, 14978, 18238, 20608, 24086, 5922, 8762, 11824, 14642, 17734, 20754, 24104, 6060, 8826, 11610, 14834, 18054, 20642, 23588, 5976, 8836, 11870, 14640, 18028, 20892, 23892, 5966, 8774, 11914, 15054, 17758, 20708, 24012, 6042, 9112, 11664, 14748, 18218, 20654, 23954, 5918, 9086, 11976, 14978, 18038, 20966, 23854, 5846, 8896, 11800, 14776, 17946, 21008, 23682]
[4528, 6760, 9188, 11358, 13714, 15800, 18266, 4658, 6916, 9012, 11562, 14016, 15680, 18252, 4604, 6904, 8960, 11262, 13708, 15678, 18218, 4578, 6786, 9028, 11394, 13918, 15760, 18390, 4520, 6766, 9312, 11378, 13762, 16042, 18296, 4558, 6948, 8906, 11384, 13640, 16054, 18592, 4650, 6566, 9076, 11388, 13702, 15734, 17822, 4564, 6852, 8966, 11264, 13760, 15832, 18508, 4460, 6756, 9242, 11302, 13756, 16268, 18156, 4588, 6658, 8804, 11544, 13780, 15946, 18392, 4594, 6986, 8962, 11264, 13824, 16144, 17970, 4450, 6832, 9208, 11212, 13778, 15708, 18364, 4644, 6862, 9274, 11278, 13784, 15924, 17656, 4668, 6944, 9022, 11208, 13728, 15920, 18434, 4424, 6858, 9074, 11358, 13966, 15976, 18180, 4544, 6794, 8964, 11420, 14162, 15952, 18360, 4500, 6884, 9260, 11300, 13794, 16184, 17866, 4512, 6672, 9210, 11328, 14090, 16062, 18432, 4594, 6810, 9328, 11392, 13592, 15898, 18340, 4442, 6700, 9244, 11230, 13792, 16014, 17996]
single_q_numses
[3222, 4518, 6348, 7722, 9355, 11030, 12173, 2994, 4814, 6222, 7396, 9217, 11254, 11853, 2964, 4566, 5868, 7638, 9609, 10626, 12239, 3030, 4682, 6208, 7750, 9565, 10606, 12235, 2904, 4670, 6456, 8032, 9277, 10660, 11911, 3146, 4642, 6104, 7824, 8955, 10764, 12679, 3028, 4568, 6178, 7458, 9383, 10848, 12083, 2988, 4638, 6344, 7354, 9151, 11272, 12087, 3320, 4868, 6278, 8132, 9123, 11064, 12305, 3084, 4752, 6336, 7558, 9205, 10570, 12377, 3024, 4598, 6012, 7792, 9047, 10596, 12517, 3156, 4506, 5966, 7670, 9335, 10780, 12689, 3304, 4402, 6244, 7820, 9195, 10772, 12027, 3104, 4562, 6040, 7788, 8963, 10602, 12703, 3120, 4450, 6248, 7352, 8923, 10654, 12227, 3132, 4586, 6100, 7566, 9103, 11052, 12467, 3104, 4590, 5992, 7590, 9163, 10214, 12039, 3028, 4604, 6218, 7740, 8943, 10638, 12731, 2984, 4338, 6532, 7662, 9703, 10684, 12039, 3268, 4522, 6150, 7810, 9731, 10772, 12415]
[3240, 5140, 6424, 8184, 9653, 11716, 13187, 3316, 4858, 6624, 8220, 10033, 11694, 13017, 3222, 4860, 6658, 8340, 10103, 11618, 13377, 3254, 5172, 6566, 8284, 9775, 11636, 13115, 3252, 5178, 6790, 8466, 9843, 11402, 12805, 3200, 5032, 6568, 8052, 9927, 11542, 13167, 3208, 4880, 6620, 8114, 9767, 11548, 12941, 3312, 4834, 6620, 8294, 9833, 11564, 13135, 3208, 4928, 6388, 8320, 9863, 11610, 13059, 3186, 4792, 6540, 8160, 9969, 11752, 13225, 3178, 4946, 6644, 8238, 10105, 11580, 13307, 3322, 4996, 6572, 8256, 9707, 11562, 13231, 3350, 4856, 6456, 8366, 10057, 11540, 13327, 3236, 4830, 6480, 7988, 9769, 11532, 13545, 3364, 4890, 6350, 8248, 9973, 11492, 13207, 3326, 4912, 6538, 8026, 9981, 11604, 13205, 3284, 4862, 6698, 8526, 9761, 11368, 13337, 3344, 5050, 6336, 8248, 10119, 11376, 13265, 3328, 5084, 6668, 8290, 9975, 11658, 13279, 3250, 4900, 6574, 8246, 9877, 11634, 13031]
[2968, 4552, 6260, 7604, 9137, 10692, 12503, 3176, 4750, 6080, 7878, 9615, 10552, 12259, 3120, 4750, 5968, 7554, 9243, 10562, 12223, 3096, 4574, 6092, 7770, 9411, 10684, 12535, 3092, 4574, 6350, 7628, 9277, 10792, 12313, 3208, 4762, 5902, 7464, 9321, 10852, 12615, 3136, 4370, 6000, 7640, 9223, 10664, 11809, 3128, 4610, 6128, 7450, 9319, 10638, 12545, 3044, 4552, 6242, 7580, 9415, 11276, 12147, 3114, 4446, 5796, 7942, 9461, 10754, 12403, 3158, 4694, 5920, 7466, 9501, 11098, 12139, 2900, 4534, 6366, 7520, 9429, 10434, 12469, 3188, 4778, 6378, 7586, 9407, 10806, 11647, 3180, 4764, 6006, 7430, 9187, 10892, 12441, 2920, 4622, 6140, 7820, 9495, 10700, 12349, 3022, 4558, 5956, 7672, 9643, 10692, 12457, 2950, 4642, 6364, 7570, 9223, 11270, 12019, 2964, 4484, 6216, 7422, 9511, 10846, 12599, 3100, 4612, 6294, 7590, 9079, 10652, 12371, 2928, 4508, 6228, 7618, 9339, 10790, 11887]
non-zero entry for P_0:
3600
non-zero entry for P_1:
97
non-zero entry for P_2:
312
time
9277.33068037033
