lam_list
 [[1.0, 0.0, 0.0], [0.4, 0.6, 0.0], [0.4, 0.3, 0.3]]
excute_time
 0.785
epsilon_list_1
 ['0.1', '0.067', '0.05', '0.04', '0.033', '0.0286', '0.025']
sampling_time
 4
acc_reses
[0.9759395926684675, 0.9858105204658578, 0.9877211452000818, 0.9932909012276113, 0.99377685788139, 0.9916077875875715, 0.9939180017296729, 0.9749585299751782, 0.9842786228385539, 0.9832761886742649, 0.9920141100901863, 0.993300616793226, 0.9940229654460153, 0.9941641688505032, 0.9799479256373693, 0.9819518380630039, 0.9849441109888716, 0.9926970005052521, 0.9917942293685379, 0.9937629104211376, 0.9946067929343939, 0.9668531768807646, 0.9852858790454784, 0.9771398988681932, 0.9878906640832549, 0.9936671257127198, 0.994753062758195, 0.9946388602755013]
[0.9659525165602356, 0.9775553417810658, 0.9817526156818687, 0.9842711689266542, 0.9881122709252753, 0.9880329370526902, 0.9911823869468723, 0.9629784267351994, 0.9753836398723398, 0.9831731369434414, 0.985081196319169, 0.9842003613071457, 0.9926133753408627, 0.9934154748921294, 0.9695464375400751, 0.9765158912293368, 0.983950918329574, 0.9868789925424902, 0.9899744391451271, 0.9827383783265514, 0.9895131590548989, 0.9626554866262805, 0.9804005641509657, 0.9850829877856222, 0.982071165839987, 0.9807369574754703, 0.9889714727462365, 0.9913558363923098]
[0.975691319590788, 0.9807099116517366, 0.9828727255309647, 0.9867215190999894, 0.9878085258952713, 0.9893214717324016, 0.9928143620930012, 0.9745983585589963, 0.9837098123252219, 0.9849184322027243, 0.984487193996621, 0.9903849371156151, 0.9925942421198507, 0.9928371312908827, 0.9731442431836853, 0.979719164062602, 0.9812996393074473, 0.9863839746713027, 0.9872630835183538, 0.99159300329923, 0.9834451125058213, 0.9656648956168327, 0.9782685048969223, 0.9808237061844445, 0.9875747602085161, 0.9900185466461753, 0.9906522631729285, 0.9917693138198923]
CNOT_numses
[30638, 44428, 60270, 76278, 91868, 106212, 120838, 30050, 45212, 59912, 75934, 91206, 105820, 121402, 30724, 45486, 60522, 76106, 91658, 105984, 120994, 30104, 44970, 60452, 75164, 91638, 105730, 121770]
[17618, 26126, 35764, 43524, 52678, 61028, 69752, 18084, 26146, 35056, 44358, 53432, 62122, 69580, 17316, 26632, 34736, 43134, 53158, 60250, 70330, 17200, 26044, 35240, 43722, 53722, 62478, 69248]
[17864, 25652, 35136, 43508, 53170, 62318, 69800, 18218, 26182, 35206, 43600, 53028, 60782, 69968, 18020, 25410, 34946, 43770, 53558, 61824, 70314, 17390, 26068, 35422, 43844, 53324, 61186, 70500]
single_q_numses
[17199, 24231, 32923, 42236, 50113, 58278, 65983, 16471, 24671, 32501, 41628, 50347, 57796, 66827, 17315, 25431, 33221, 41864, 49907, 58138, 66375, 16407, 24701, 33119, 41126, 50125, 57580, 66473]
[10855, 16375, 22361, 27138, 33087, 38196, 43697, 11469, 16091, 21769, 27746, 33433, 38756, 43615, 10725, 16831, 21435, 26806, 33147, 37732, 44325, 10979, 16209, 22415, 27392, 33523, 39126, 43075]
[11349, 15725, 21603, 26956, 33107, 38394, 43001, 11361, 16187, 21925, 27168, 33021, 37750, 42983, 11219, 15619, 21919, 27020, 32981, 38392, 43407, 10701, 16005, 22161, 27354, 33023, 38034, 44349]
non-zero entry for P_0:
436921
non-zero entry for P_1:
1161
non-zero entry for P_2:
6196
time
118906.59319734573
