lam_list
 [[1.0, 0.0, 0.0], [0.4, 0.6, 0.0], [0.4, 0.3, 0.3]]
excute_time
 0.785
epsilon_list_1
 ['0.1', '0.067', '0.05', '0.04', '0.033', '0.0286', '0.025']
sampling_time
 4
acc_reses
[0.9731116297154597, 0.9805746829878952, 0.987705051922034, 0.9925885801819405, 0.9946073294830292, 0.992215277913604, 0.9933896064765133, 0.9749802953535806, 0.9835377350203884, 0.9838897612253329, 0.9935712218572614, 0.99332368374237, 0.9935854083681009, 0.9933975340707722, 0.9744075625595776, 0.9863869548337046, 0.9877783744663751, 0.9907111528620058, 0.9933587910432894, 0.9934810400187085, 0.9911848904454033, 0.979752957827506, 0.9835577224741399, 0.9882842900162382, 0.9887622595080384, 0.992908537537657, 0.9934946900325867, 0.994498014450127]
[0.9741150750140946, 0.9742879314058034, 0.9727893664226281, 0.9886673695426349, 0.9895468354386179, 0.9901940245649096, 0.9895324123582372, 0.9386036854982266, 0.9698089411604102, 0.9847157001919027, 0.9881261588799153, 0.9867076893842999, 0.991383552755383, 0.99117922783062, 0.9652103409893423, 0.9763849623492931, 0.983478546257376, 0.9859656107074108, 0.9851686551923048, 0.9900184888553113, 0.9917522074886334, 0.9562165741195553, 0.9748315231899755, 0.9804189933298662, 0.982602210624482, 0.9889716563181746, 0.9920913580358727, 0.9901831748999761]
[0.974798683740681, 0.9846873882194334, 0.9834387302398683, 0.9861647486686751, 0.99110364914659, 0.9928535223142226, 0.9918853055554182, 0.9691457373025091, 0.9839243324482365, 0.986967921319708, 0.9852471356543478, 0.988230884390655, 0.9896237261664966, 0.9923620827680657, 0.9539041081649234, 0.9749795287801182, 0.986190200065052, 0.9874461293270679, 0.9886858464853584, 0.9913996458057925, 0.9932731991089719, 0.9647193271251301, 0.9807989608078709, 0.9892991782855947, 0.9860848191087264, 0.9908937220594133, 0.9909875398069249, 0.9921033384928529]
CNOT_numses
[30274, 45116, 60448, 75450, 91756, 106086, 120504, 30350, 45204, 60486, 75902, 91004, 105670, 122074, 30268, 45396, 60928, 76028, 92072, 105342, 120576, 30506, 45430, 60474, 75714, 91950, 106060, 120980]
[17840, 26288, 34486, 42972, 53294, 61046, 69610, 17078, 26242, 34858, 43420, 52916, 60556, 70110, 17486, 25438, 34978, 43354, 53176, 60668, 68934, 17160, 25772, 34822, 43798, 52536, 62086, 68898]
[17368, 26562, 35248, 43384, 53098, 60738, 70074, 17198, 26592, 34830, 43618, 54294, 61584, 70576, 17508, 26056, 35060, 44426, 53340, 61204, 69262, 17874, 26174, 34936, 42880, 52978, 62610, 69970]
single_q_numses
[16661, 24725, 32897, 41416, 50143, 58196, 65919, 16793, 24683, 32949, 41444, 49387, 57734, 67701, 16379, 24843, 33417, 41960, 50011, 57536, 66187, 16863, 24859, 33081, 41342, 50379, 57970, 65867]
[11235, 16521, 21503, 26662, 33425, 37688, 43273, 10629, 16257, 21531, 26932, 32855, 37680, 43623, 10913, 15721, 21969, 27274, 33123, 38188, 42567, 10621, 15961, 21459, 27180, 32535, 38676, 42869]
[10391, 16617, 22033, 26634, 32763, 37598, 43609, 10643, 16571, 21331, 27074, 33941, 38104, 43659, 10765, 16129, 21473, 27496, 32859, 37658, 42633, 10955, 16111, 21727, 26236, 32913, 38960, 42937]
non-zero entry for P_0:
436921
non-zero entry for P_1:
1161
non-zero entry for P_2:
6196
time
118320.07298564911
