lam_list
 [[1.0, 0.0, 0.0], [0.4, 0.6, 0.0], [0.4, 0.3, 0.3]]
excute_time
 0.785
epsilon_list_1
 ['0.1', '0.067', '0.05', '0.04', '0.033', '0.0286', '0.025']
sampling_time
 4
acc_reses
[0.9828687908405332, 0.9852162624754148, 0.9855017139193182, 0.9906740190091119, 0.9928290254547811, 0.9928460718075873, 0.9937961103193165, 0.9799192597136002, 0.9781212219052808, 0.992100000709925, 0.9886594425578314, 0.9911718989254082, 0.9916778817975529, 0.9917356982704486, 0.9752786755840197, 0.9768771182049469, 0.9884028437386402, 0.9887207752661967, 0.9932556154062695, 0.9922299385157436, 0.9936417939211593, 0.9701661031103579, 0.9858050952988342, 0.981180492320888, 0.9859113748880955, 0.9928420186208445, 0.9929369705987994, 0.993061959884775]
[0.9766161844767879, 0.9780726447286389, 0.9819742459627433, 0.979866112257023, 0.9893607512029191, 0.9878617525893534, 0.9927142268110537, 0.9652562137308301, 0.9785975935284462, 0.9893199206149222, 0.9829911581976589, 0.9915065771847673, 0.99218958621418, 0.9917140009856064, 0.9761864079241916, 0.9772996093428868, 0.9829835903186938, 0.9799121759404701, 0.9873321655065674, 0.9887527833436427, 0.9921081672600754, 0.9716928747887236, 0.9772177346516099, 0.9851187488319761, 0.9847468153071106, 0.9893896581545765, 0.9904983047016864, 0.9898796677681916]
[0.9701568068263519, 0.9775753622707467, 0.9874202609433107, 0.9889197352333178, 0.9884302024429416, 0.9871110415250243, 0.9904068720886107, 0.9689723416660709, 0.9839079380360823, 0.9847155216446246, 0.9837412348287958, 0.9909982681528838, 0.9931603670165193, 0.9909480811064576, 0.9679417026510388, 0.979888155825347, 0.9794044020347297, 0.9849251523894814, 0.9916062355041552, 0.9920781851193757, 0.9910996564918885, 0.97733488178613, 0.9835322500269194, 0.9881104836735872, 0.9865722658162651, 0.9904690981232882, 0.9927808048816011, 0.9904545567400984]
CNOT_numses
[30280, 45524, 60546, 76394, 91876, 105458, 122864, 30096, 44994, 60320, 75552, 91318, 104980, 121556, 30796, 45506, 60858, 76180, 92228, 106298, 119998, 30528, 44792, 60570, 75706, 92212, 106256, 121860]
[17316, 25894, 34964, 43098, 52618, 61876, 70246, 17536, 26314, 35362, 43068, 51952, 61362, 70212, 17728, 25864, 34380, 42994, 53130, 60578, 69804, 17152, 26090, 34558, 42868, 52938, 60600, 69740]
[17626, 26450, 34350, 43522, 53164, 61730, 70724, 18386, 26446, 35616, 43730, 53478, 60726, 70176, 17412, 26488, 35236, 44204, 53548, 61830, 71298, 17422, 26462, 35254, 43524, 53274, 61168, 70418]
single_q_numses
[16481, 25009, 33359, 42030, 50421, 57802, 67577, 16565, 24727, 32995, 41542, 50071, 57250, 66501, 16807, 25437, 33665, 41544, 50773, 58146, 65625, 16723, 24633, 33073, 41634, 50609, 58322, 66805]
[10641, 16247, 21955, 26804, 32889, 38922, 43915, 10967, 16377, 22307, 26994, 32393, 38376, 43733, 10903, 16207, 21345, 26924, 32987, 37670, 43631, 10607, 16111, 21623, 26526, 32935, 37746, 43333]
[10979, 16603, 21047, 26922, 32969, 38624, 44263, 11643, 16389, 22157, 27184, 33187, 37470, 43439, 10827, 16515, 22053, 27280, 33047, 38220, 44191, 10819, 16635, 21933, 26950, 32831, 37980, 43899]
non-zero entry for P_0:
436921
non-zero entry for P_1:
1161
non-zero entry for P_2:
6196
time
117645.44720816612
