lam_list
 [[1.0, 0.0, 0.0], [0.4, 0.6, 0.0], [0.4, 0.3, 0.3]]
excute_time
 0.785
epsilon_list_1
 ['0.1', '0.067', '0.05', '0.04', '0.033', '0.0286', '0.025']
sampling_time
 4
acc_reses
[0.9807228479784891, 0.9890474679095693, 0.9868950845932725, 0.9911373257800491, 0.9901995660392708, 0.9934549927754969, 0.9918772578632663, 0.9730524364080066, 0.9820221667207484, 0.9900308273752378, 0.9909077888188866, 0.9937346577690368, 0.9930961142146906, 0.9930632116676367, 0.9725821049311417, 0.9853374413891773, 0.9901774529020608, 0.9924604892881135, 0.9934650063716672, 0.9927336578238655, 0.9939049482439395, 0.9777776607633983, 0.9841658511755463, 0.9922580721830152, 0.988173008561786, 0.992799818543387, 0.9935976862973794, 0.9920310381279821]
[0.9695705818372333, 0.9551042081501301, 0.9840531454886676, 0.987994910499453, 0.9875124724721696, 0.992159485888401, 0.9910634160079657, 0.9689030065430408, 0.9705567651233794, 0.9815189842107824, 0.987253547650609, 0.9899877907927291, 0.989812255046165, 0.9927631616600993, 0.9529704496571794, 0.9750875964055954, 0.9849966764534042, 0.9883418083360442, 0.9910143626466584, 0.9918171171252697, 0.9922012092936762, 0.9681767870151035, 0.9801088572422894, 0.9845005306709433, 0.9859289531916576, 0.9887096287361014, 0.9925529364085739, 0.9922561649659541]
[0.9676257242976528, 0.9808434878407906, 0.9846353570927033, 0.9884544619795348, 0.991958558570323, 0.9894359116406124, 0.9909423017356611, 0.966422022110447, 0.973727107239028, 0.9868608117888693, 0.9869962423356482, 0.9909519556355324, 0.9879980101295086, 0.9913881430103147, 0.9601757710408463, 0.977915885226582, 0.9848346042103481, 0.9777629973339127, 0.9875672494238987, 0.991102579014014, 0.9915177227386324, 0.9538868004019108, 0.9777571080591793, 0.986420335912924, 0.9847238069480503, 0.9903996021559243, 0.9897083646780465, 0.9935717582810593]
CNOT_numses
[30268, 45542, 60218, 75860, 91876, 106310, 122376, 31186, 45260, 60662, 75944, 92564, 105826, 120384, 30070, 44448, 60736, 76038, 92294, 105888, 121208, 30362, 45222, 61006, 76178, 92426, 105840, 121310]
[16876, 25194, 35284, 43618, 53180, 61414, 69854, 17204, 26728, 34076, 43364, 53452, 61270, 69766, 17020, 25790, 35000, 42836, 52760, 61508, 69966, 17832, 25670, 35238, 44010, 53398, 61082, 69786]
[17656, 26354, 35070, 43982, 52408, 61510, 70824, 17258, 26462, 35190, 43800, 53020, 61986, 70960, 17674, 26056, 35578, 44142, 54052, 61944, 70178, 17528, 26174, 35016, 43692, 53598, 61082, 69342]
single_q_numses
[16569, 24895, 32727, 41568, 50197, 58404, 67095, 17241, 24953, 32691, 41950, 51153, 58338, 65969, 16461, 24115, 33259, 41390, 50349, 57864, 66427, 16649, 24803, 33789, 41720, 50907, 57802, 66181]
[10397, 15675, 22031, 27198, 33231, 38004, 43639, 10687, 16667, 20899, 27040, 33301, 38350, 43541, 10403, 16097, 21871, 27050, 33047, 38638, 43685, 11063, 15885, 21971, 27272, 33465, 38354, 43673]
[11037, 16283, 21649, 27408, 32119, 38412, 43719, 10715, 16519, 21809, 26760, 32765, 38788, 43821, 10965, 16139, 22129, 27608, 33685, 38512, 43329, 10801, 16007, 21543, 27430, 33279, 37750, 43293]
non-zero entry for P_0:
436921
non-zero entry for P_1:
1161
non-zero entry for P_2:
6196
time
118172.3844242096
