lam_list
 [[1.0, 0.0, 0.0], [0.4, 0.6, 0.0], [0.4, 0.3, 0.3]]
excute_time
 0.785
epsilon_list_1
 ['0.1', '0.067', '0.05', '0.04', '0.033', '0.0286', '0.025']
sampling_time
 4
acc_reses
[0.9646085016416978, 0.9864453677751233, 0.9856611629333694, 0.9921351075374502, 0.99154651184329, 0.9932372574289853, 0.9937444926178292, 0.9731985625052334, 0.9842991331391892, 0.9890316149526299, 0.989845098150513, 0.9855774250531444, 0.9944117667598281, 0.9944350719781124, 0.9725836191124347, 0.9856792706610863, 0.9853106145738236, 0.9869321852820429, 0.9916343696632479, 0.9942144162145952, 0.9937099815116587, 0.9731899717946284, 0.9888244290193604, 0.9771140260563521, 0.9896680147258147, 0.9896895297062033, 0.9948852064217749, 0.9932536487523601]
[0.9640355406783063, 0.9766303967428626, 0.9768874056588146, 0.9895673991707706, 0.9916281700276852, 0.9878021523927489, 0.9911827484666056, 0.969205321564131, 0.9721796350673435, 0.9842143677314209, 0.9891127353421697, 0.9917635917770542, 0.9924413562806336, 0.9910506013062297, 0.954918715711684, 0.9784868400100067, 0.9829059869190132, 0.9884864701554307, 0.9888460639646405, 0.9881528616466069, 0.9895315170374516, 0.9639038700738299, 0.9753475796098076, 0.9804491400765082, 0.9856762892797054, 0.9821015837031649, 0.9876797253919822, 0.9906942867875799]
[0.9625403947752106, 0.9767856046267998, 0.9813464286917678, 0.9870090485262953, 0.9904295208662506, 0.9904547935004807, 0.9933084846221366, 0.9676477803055973, 0.9832072865720246, 0.9853205095119887, 0.9871749928768171, 0.9898943903921302, 0.9896549602834749, 0.9920094611400297, 0.967218340758254, 0.9732509193888924, 0.9751885671595119, 0.9900109180353804, 0.9914724234790209, 0.989368975890463, 0.9927203655913062, 0.9658817752632155, 0.9638013501738205, 0.9867039927970276, 0.986762404977256, 0.9834713349517282, 0.9915882955381593, 0.9908327477993958]
CNOT_numses
[30362, 45470, 60674, 75384, 91346, 107466, 121160, 30466, 45164, 61202, 75896, 91550, 106962, 121140, 30744, 45372, 60474, 75328, 92318, 106360, 121742, 30506, 45674, 60670, 76298, 92484, 106722, 121870]
[17324, 25684, 35134, 43594, 52460, 62086, 70316, 17470, 25732, 34660, 44268, 52398, 61202, 69824, 17700, 26282, 34872, 43560, 53080, 61652, 69716, 17508, 26172, 34728, 42736, 51986, 61386, 70068]
[17352, 25996, 35406, 43978, 53382, 61076, 70454, 17502, 25830, 35088, 43382, 52466, 62180, 70654, 17600, 26900, 35006, 42978, 52894, 61604, 69742, 17568, 25886, 35132, 43478, 52714, 61374, 70494]
single_q_numses
[16575, 25019, 33047, 41158, 49961, 59280, 66373, 16761, 24913, 33955, 41602, 49949, 58912, 66677, 16865, 24859, 32983, 41314, 50815, 58382, 66575, 16887, 25195, 33285, 41674, 50633, 58628, 66955]
[10805, 15983, 22007, 27366, 32571, 39048, 43533, 10909, 16103, 21511, 27696, 32767, 38206, 43407, 11183, 16441, 21657, 27278, 32949, 38210, 43497, 10841, 16421, 21613, 27066, 32065, 38188, 43547]
[10907, 16151, 21973, 27080, 33101, 37852, 43881, 10981, 16077, 21955, 27014, 32203, 38628, 43897, 10773, 16755, 21895, 26394, 32801, 38682, 43131, 11057, 16131, 21629, 26826, 32751, 38394, 43685]
non-zero entry for P_0:
436921
non-zero entry for P_1:
1161
non-zero entry for P_2:
6196
time
117323.32070446014
