lam_list
 [[1.0, 0.0, 0.0], [0.4, 0.6, 0.0], [0.4, 0.3, 0.3]]
excute_time
 3.142
epsilon_list_1
 ['0.1', '0.067', '0.05', '0.04', '0.033', '0.0286', '0.025']
sampling_time
 20
acc_reses
[0.9760371019899942, 0.9791356716733625, 0.9824478650991755, 0.9901977785351452, 0.9854013345089326, 0.9809079197712766, 1.0003228187840925, 0.9718102255747292, 0.9841590346284639, 0.9853822603978384, 0.9884279382235553, 0.9853287343358992, 0.9845620991409538, 0.9986554417205212, 0.9747436072743647, 0.9844790101248475, 0.9818174858497508, 0.9895290136531587, 0.9855406880757526, 0.984782695787154, 1.0003792051938118, 0.9788274230355442, 0.9782471331823241, 0.9868718985027362, 0.9866766356852611, 0.9860441710634849, 0.9809283616321842, 0.9987987290650404, 0.9784614234356575, 0.9860465549775528, 0.9856382609257177, 0.9895385509103162, 0.9834596519142439, 0.984588503990281, 1.0012243987488127, 0.9794836345257051, 0.9818655978681526, 0.9833437802692879, 0.9852702021603006, 0.9860569836401821, 0.9842453600215563, 0.9980641617867906, 0.9703387618170164, 0.9814122965111287, 0.982752388033104, 0.9911412596899037, 0.987248301506125, 0.981986641992806, 1.0024188757512569, 0.9804819832052354, 0.9789193972556157, 0.9810212292466379, 0.9872028835064589, 0.985989273684756, 0.983336210317108, 1.0011391641883312, 0.9774495496233042, 0.9853470326575952, 0.9844107640173173, 0.9853610508205195, 0.9840374019712952, 0.9839185480134405, 0.9984618427716261, 0.9682268726443107, 0.9816699112565817, 0.9868875145971372, 0.9904525879488859, 0.9868538407819967, 0.98349291115217, 0.9986540698046931, 0.9766628172655996, 0.9795640440549265, 0.9890218973609767, 0.986975853524188, 0.9860103729053018, 0.9831252098886939, 1.001380205318576, 0.9853634290744768, 0.9826278703570644, 0.9847256581464444, 0.9907950163216387, 0.9865078926426425, 0.9832338702815507, 1.0021662713971122, 0.9689773786991907, 0.9834060075923022, 0.9816711580041646, 0.9873728204382469, 0.984568835999966, 0.9844880108944127, 0.9984761487745079, 0.9772610454538795, 0.9774669688726358, 0.9835185410771535, 0.9858712024348897, 0.986424267320917, 0.9808361140992863, 1.0020476579812894, 0.9788931237588517, 0.9838462532028954, 0.9881172782149326, 0.987306953626646, 0.9846220612590271, 0.9833179750928444, 1.0008493661992681, 0.9771606476961509, 0.982939801401249, 0.9854993826808953, 0.9886225476321551, 0.9854320891484067, 0.9848158359654268, 1.0020747184774488, 0.9754094490429094, 0.9827602539340555, 0.9855591076559305, 0.988395035267463, 0.9845184091521442, 0.9845634700708594, 0.9985364079790806, 0.9734009781398192, 0.9768455664280232, 0.9870461248316107, 0.9895172120261776, 0.9861908555540088, 0.9818292884904688, 1.0007184744552287, 0.9758471866463979, 0.9806100263416566, 0.9858652953807805, 0.9900751117107487, 0.9854128360764327, 0.984360158678121, 1.0008835793200728, 0.9854034185434096, 0.9827666286410255, 0.9848745474803927, 0.9865121893462934, 0.9856483364725236, 0.9837819349251958, 0.9992176893563015]
[0.9673270603524674, 0.9828784520945736, 0.9839634300200566, 0.985000332510323, 0.9856671714652618, 0.9775977781399126, 0.9989359380581888, 0.9551438190648337, 0.9794033351800232, 0.9801680506225746, 0.9821241503097904, 0.9828218300213288, 0.9818592680489965, 1.0005443105237768, 0.9716050510450904, 0.9734737925047943, 0.9840775731975552, 0.9834518478768595, 0.9815772175790082, 0.9824116938441738, 1.0015863180265512, 0.9691653403310994, 0.9709050443135979, 0.9794566200986867, 0.9831730147819497, 0.9845856475714823, 0.98307860060913, 0.9991438994785589, 0.9681649325463135, 0.9689861737126992, 0.9866085655060921, 0.9857329194534931, 0.9837895039717224, 0.9827445745813729, 0.9946842194012815, 0.9711295358939783, 0.9755169187167693, 0.9689814122692999, 0.9828421750270804, 0.9860381497559105, 0.9811400189145084, 0.9992223382148192, 0.9524392111091138, 0.9799340411577824, 0.9782615309744688, 0.9871224761590625, 0.9804326951178343, 0.9821013212234724, 0.999116957482299, 0.9547867493771083, 0.967458159942395, 0.9715472344102031, 0.9794847370131246, 0.9841162562630063, 0.9832249323955068, 0.9988333027334627, 0.9721154692058306, 0.9758295418490501, 0.9849592511316855, 0.9850879311800225, 0.9830001595108515, 0.97946059890841, 0.9982744496929098, 0.9698061352766489, 0.9734491128671925, 0.9788846785753255, 0.9796940239406279, 0.9832147959442931, 0.9813678331782937, 0.997274339250366, 0.9801741298312293, 0.9796668888300256, 0.9769117427477283, 0.9789942411149074, 0.9873403320108526, 0.9826588071630677, 0.9972855465528592, 0.9693972267368962, 0.9772157685905947, 0.9777630039521398, 0.9881364109381395, 0.9831157944190512, 0.9801200049963986, 0.9968003079295041, 0.9675748282039228, 0.9632404397144089, 0.9755341465166361, 0.9837561422685233, 0.9838483380434269, 0.9784273121537826, 0.9991523045937828, 0.975039780686367, 0.9755787890568012, 0.9815150678261898, 0.9837574985577813, 0.984117269662752, 0.9789067151731672, 0.9992133379589068, 0.9765296217750123, 0.9767005675658914, 0.9743741000330391, 0.9882988333912844, 0.9814888265812394, 0.9827829601254865, 0.9960322976345696, 0.9691718922685266, 0.9754404044017446, 0.9788683134294722, 0.9812061283043094, 0.984615981626736, 0.98111963424137, 0.9979828635384754, 0.9617916424462658, 0.9729891947926179, 0.9836548636327611, 0.9899935161915108, 0.9799948504531916, 0.9803035564109309, 0.9992482671175472, 0.9620705925185907, 0.9679051413824246, 0.9777569203529843, 0.986747385026071, 0.9828329160596689, 0.9793112874334006, 0.9981694831980927, 0.9473779193016029, 0.9798244928338885, 0.9803367853751913, 0.978388425399627, 0.9839188488574087, 0.985063195394056, 0.9948449746727392, 0.9656782936913274, 0.9760140919135113, 0.9824795723390655, 0.9876338938407125, 0.984453380111065, 0.982654273971792, 0.996632159838913]
[0.967374956524657, 0.9810804742582029, 0.9821976541218493, 0.9909739495533135, 0.9844956414535309, 0.9822512876737216, 0.9969160610603766, 0.9666894094883038, 0.9778851287761889, 0.9808959404329889, 0.9871454272362116, 0.9854733944124291, 0.9830834275602467, 0.9964342159533122, 0.9555335702702287, 0.9795062763343175, 0.9817271858938817, 0.9824193779559608, 0.98302966375419, 0.9827888022366376, 0.9992900496297448, 0.9722069705385524, 0.972496308397856, 0.9806033978648391, 0.9863061993841579, 0.9868159306500621, 0.9839612246265521, 0.9991596971130083, 0.9628822631630718, 0.9780280898080991, 0.9769864691907264, 0.9811107518674248, 0.98599672933832, 0.9770481005267713, 0.9980814460372791, 0.9695844658511888, 0.9801905771261141, 0.9846597321209339, 0.9879889511547485, 0.9831461982604418, 0.9846261739734842, 0.9969260791453974, 0.9765335785652447, 0.9798945832880571, 0.9834949375546852, 0.9830681682612651, 0.9857778002674413, 0.9853829745992322, 0.9998804333387502, 0.9707626372040126, 0.9820644901979387, 0.9772177344461337, 0.9874005318745533, 0.9837322236181156, 0.9821268329393055, 0.998037341023335, 0.9744485716953082, 0.9779855053974518, 0.9830827803868729, 0.9888511329668577, 0.9777316454062996, 0.9797436139076077, 0.9992185252076111, 0.9752616941198732, 0.9813860320826588, 0.9754040981595771, 0.9871678948439442, 0.9859764586820446, 0.9820894019680076, 0.9995422981320977, 0.9561948498606958, 0.9727575837033569, 0.9822391996940668, 0.9868770890349077, 0.9857842327942736, 0.9783228651770605, 1.0000419620929404, 0.9753023990236656, 0.9712653194975075, 0.9837325846814633, 0.9873670339843371, 0.9862611889891622, 0.9786292409688632, 0.9995995784677407, 0.9655847555580428, 0.9810453664286914, 0.9796961551807334, 0.983970951750461, 0.9844925411774024, 0.981522441438435, 0.9960634176047802, 0.9679640614492967, 0.9710282224793705, 0.9816824361027326, 0.9831995373988526, 0.979307230955168, 0.9793321043468682, 0.9981243016421244, 0.975542432167196, 0.9684899620498221, 0.9860229508674611, 0.9857108054974251, 0.9849187269828065, 0.9789566018139988, 0.9969839454503061, 0.9678493953384816, 0.9739947463658135, 0.9811034810101003, 0.9893053775897267, 0.9812641234261686, 0.9815449721099925, 0.9981639387134535, 0.9719290145121344, 0.9721946186810414, 0.9856419010487064, 0.9839984781239322, 0.9835075250446438, 0.9818576596621391, 1.0010515457029139, 0.973648371994517, 0.9799653296689592, 0.9823508978706648, 0.9858883705951902, 0.9844796061516301, 0.9820170445220606, 0.9988870622395268, 0.9698436859114327, 0.9795455417180031, 0.9833376445889728, 0.987132733017904, 0.9812488578971525, 0.9811933636783978, 0.9992863536786716, 0.9741076234716456, 0.97997117229954, 0.9815842546513446, 0.9872101574259738, 0.9835326705464374, 0.9806655648263398, 0.9984619023235608]
CNOT_numses
[258924, 385106, 516674, 645338, 785302, 903874, 1033852, 258352, 386994, 517424, 648080, 784350, 903786, 1034350, 259202, 385318, 516156, 647058, 779460, 904578, 1035456, 260176, 384438, 516244, 649566, 783684, 904266, 1034356, 257778, 386716, 516080, 646306, 782502, 904022, 1033400, 257786, 386694, 517660, 645698, 781304, 904248, 1036586, 258334, 384870, 517864, 646100, 782648, 903218, 1033352, 258316, 387012, 516412, 646370, 782440, 902916, 1034670, 259098, 384450, 514816, 645244, 786442, 903094, 1036980, 258684, 386352, 516064, 644638, 782554, 902216, 1032446, 259608, 385634, 515934, 648100, 784144, 904508, 1035164, 259766, 386118, 515520, 646382, 783422, 906030, 1033854, 259222, 386152, 518636, 648946, 782626, 902746, 1034570, 259338, 387746, 517244, 645920, 783742, 903166, 1033450, 258668, 386204, 518130, 646746, 784804, 903042, 1033642, 257974, 386874, 519090, 647330, 785570, 906586, 1036188, 258004, 387278, 516586, 646864, 782932, 904230, 1033966, 257542, 386678, 517202, 648346, 784876, 906936, 1034576, 259190, 386412, 517164, 646608, 785204, 902598, 1031854, 258480, 386396, 517294, 647680, 782060, 904908, 1036292]
[154042, 229894, 308762, 384382, 466042, 537542, 616348, 154732, 229930, 309806, 385438, 467254, 539196, 614930, 153540, 231330, 309858, 386412, 471054, 538418, 617048, 154664, 232144, 309116, 387142, 466246, 541594, 616968, 154188, 231174, 309084, 385298, 467186, 540244, 615110, 156638, 230096, 308874, 383414, 468068, 537902, 615646, 153748, 230602, 307294, 384404, 467396, 539040, 617120, 155744, 230134, 306966, 383268, 466870, 539118, 616248, 154900, 229740, 309106, 386584, 466314, 540764, 614778, 153768, 230472, 307574, 385572, 467374, 538464, 617516, 154182, 230132, 307086, 385674, 468244, 539684, 618978, 154248, 229020, 310044, 387662, 467926, 540356, 618464, 155358, 230114, 308982, 385626, 469046, 538958, 616926, 153930, 229410, 306598, 384638, 468586, 540576, 616690, 154142, 230362, 309548, 387308, 467980, 538454, 613744, 154900, 230038, 307446, 385272, 467096, 537798, 615288, 153896, 229830, 307906, 385606, 467380, 537728, 617594, 154096, 229716, 309212, 386416, 470662, 536582, 615968, 153946, 229510, 309018, 388002, 468276, 539814, 616820, 153240, 229540, 307570, 385808, 467130, 538370, 615668]
[155430, 232852, 310972, 388010, 471026, 544006, 622972, 155816, 232604, 312950, 391170, 472290, 543224, 623346, 155688, 231140, 310774, 389114, 471698, 545598, 624768, 156504, 232826, 311678, 387290, 473486, 545088, 624320, 156572, 233252, 313844, 388196, 470392, 545452, 623016, 155842, 233020, 312636, 387894, 470592, 544196, 623202, 156288, 233450, 312662, 391190, 472732, 544334, 624848, 154888, 232064, 312428, 388218, 471358, 543574, 624170, 155618, 232674, 309348, 390050, 470456, 544362, 622708, 156236, 231124, 312316, 389950, 471662, 547244, 625194, 155740, 233874, 310026, 390526, 471970, 543802, 620020, 156854, 231924, 311522, 389214, 470986, 546728, 622576, 156032, 231342, 312660, 390628, 473418, 542874, 620124, 155542, 232660, 313644, 388518, 472708, 545508, 625044, 154510, 232458, 310636, 389148, 472276, 543888, 622876, 156368, 232190, 311314, 389748, 472414, 543338, 624564, 154178, 233054, 310794, 387764, 471350, 543232, 623812, 155404, 231434, 310572, 389656, 471814, 544758, 624764, 156674, 232494, 312844, 388970, 472672, 545178, 624394, 155402, 232142, 311506, 388950, 470222, 544934, 623770]
single_q_numses
[150011, 221945, 298758, 373202, 453820, 522431, 597103, 149129, 223523, 298448, 374828, 453504, 521967, 597539, 150015, 222403, 297892, 374412, 450160, 522993, 598905, 150311, 222143, 298054, 375768, 452518, 522411, 597815, 148895, 223771, 298422, 373802, 452236, 522785, 596443, 149341, 223765, 299464, 373040, 451050, 522649, 597981, 149127, 222905, 299386, 374010, 452362, 521789, 597365, 148811, 223607, 299012, 372860, 451886, 521777, 597963, 149689, 222357, 297334, 372766, 454762, 521287, 598323, 149661, 223397, 298090, 371622, 451756, 521331, 596693, 149865, 222587, 298560, 375098, 454462, 522609, 598833, 150149, 223291, 297646, 374112, 452058, 524347, 597779, 149219, 223277, 299306, 374844, 453356, 521857, 598137, 150095, 224331, 298668, 373672, 453502, 521461, 596991, 149555, 222915, 299596, 373544, 453196, 521117, 597091, 148893, 223521, 300194, 374312, 453700, 524463, 599199, 149049, 224451, 298776, 374376, 452774, 523517, 598203, 148575, 223487, 298606, 374914, 453330, 524667, 598605, 149953, 223603, 298504, 373314, 453952, 521357, 596091, 149013, 223559, 298834, 373692, 451780, 522957, 598195]
[110695, 165049, 221678, 275834, 334312, 385025, 440985, 111305, 165057, 221730, 277078, 335422, 386855, 441171, 110499, 166717, 222204, 277164, 337812, 386357, 442617, 111307, 166757, 221772, 277866, 335410, 388291, 442823, 110973, 165843, 221720, 276722, 335138, 387489, 441677, 112145, 164797, 221814, 275272, 336122, 386043, 441357, 109993, 165491, 220110, 276120, 334830, 386961, 443129, 111913, 165069, 220412, 274904, 335150, 386465, 442129, 111697, 164683, 222190, 276852, 334760, 388265, 442049, 110259, 165497, 221016, 277066, 335052, 385431, 442771, 110295, 165979, 220314, 276574, 336478, 388197, 443693, 110935, 164093, 222752, 278036, 336010, 387639, 444683, 111309, 165091, 221512, 276672, 337286, 387283, 442671, 110203, 164537, 219742, 276714, 336528, 387929, 441847, 110211, 165363, 222164, 277544, 335816, 385695, 440445, 111085, 165097, 221002, 276184, 334564, 385787, 440771, 110315, 165069, 221226, 276060, 335858, 384459, 442421, 110323, 165303, 221550, 277328, 338540, 385139, 441905, 110335, 164577, 222162, 277448, 336212, 387505, 442173, 110259, 165463, 220830, 276868, 336020, 385943, 441417]
[110607, 166255, 221172, 276288, 335146, 387785, 443701, 111095, 165209, 223250, 278602, 336186, 387213, 443873, 111537, 163625, 221498, 277160, 335730, 388527, 445033, 111325, 165605, 221834, 275566, 337358, 388445, 444813, 111913, 167147, 223564, 276476, 334286, 389399, 443675, 110731, 165599, 222744, 276502, 334450, 387831, 443791, 111475, 166687, 222298, 278788, 337090, 388153, 444523, 109587, 165137, 223194, 276512, 335316, 386077, 443775, 110771, 166217, 219446, 277954, 334692, 387107, 444737, 110899, 164403, 221870, 277238, 336770, 389215, 445037, 110519, 166203, 220712, 278670, 336552, 387269, 441063, 111913, 164419, 221538, 277004, 334214, 389323, 443493, 111047, 164823, 222428, 278714, 337582, 387475, 441053, 110403, 166071, 223352, 276196, 336498, 388761, 445329, 110159, 165207, 221478, 276310, 336278, 388071, 444285, 111703, 165345, 221530, 277740, 337584, 387219, 444489, 109443, 165779, 221154, 276214, 335410, 385857, 443841, 111123, 164689, 221664, 277794, 337496, 388161, 445765, 111239, 165199, 222628, 277330, 336362, 388543, 444267, 110291, 165539, 222418, 276952, 335150, 387851, 444445]
non-zero entry for P_0:
75625
non-zero entry for P_1:
515
non-zero entry for P_2:
2680
time
119120.30102539062
