lam_list
 [[1.0, 0.0, 0.0], [0.4, 0.6, 0.0], [0.4, 0.3, 0.3]]
excute_time
 0.15
epsilon_list_1
 ['0.1', '0.067', '0.05', '0.04', '0.033', '0.0286', '0.025']
sampling_time
 20
acc_reses
[0.971789192892462, 0.9823382554679585, 0.9884331235515414, 0.9881241946489069, 0.9918156862771899, 0.9921670560598236, 0.9935784935951304, 0.9725939097739152, 0.9844454528769501, 0.9871464968831152, 0.9898480177564473, 0.992316247103621, 0.9926384092236004, 0.9941737651877363, 0.9744936851606679, 0.9837504634235733, 0.9881074437082377, 0.9901080758690577, 0.9908124806115121, 0.9925525189653855, 0.9930428862726369, 0.9770440031783858, 0.983854055661443, 0.9893442400708532, 0.9906597137705285, 0.9928423762569815, 0.9925867329874636, 0.9937940836572636, 0.9786028169639547, 0.9828040611020956, 0.9880063556734494, 0.98953277336356, 0.9928267002279773, 0.9932780871356347, 0.9929972887275533, 0.9751744942764949, 0.9824096592441298, 0.9857938323564185, 0.9880984469260735, 0.991424679859967, 0.992666185304677, 0.9944348335454237, 0.9735229016250712, 0.9801055796313398, 0.9892210994303566, 0.9892894638976916, 0.9908615353506147, 0.9927359224875795, 0.9934689402608435, 0.9746998633929284, 0.9828152140236647, 0.9881634135617012, 0.9891225108900923, 0.9927831292843983, 0.9934725761579228, 0.9933803081612227, 0.977039111653079, 0.9836446692227045, 0.9881818298278697, 0.9900957942217925, 0.9917885661433488, 0.9931452876177278, 0.9939501882200608, 0.9735422732139674, 0.9820051859940044, 0.9882683159554866, 0.9900955557841115, 0.9915189743715969, 0.9922780397901951, 0.9924765230603309, 0.975638188304181, 0.9837864088500113, 0.9858793024817959, 0.9894886614737668, 0.9920572042745454, 0.9924219847419343, 0.9937556387552318, 0.975608587347397, 0.9835059170188388, 0.9874929201648385, 0.9897317888082565, 0.9913912425025622, 0.9914984722643988, 0.9931359297998664, 0.9802089431423879, 0.9801488548709221, 0.9895830196000808, 0.9894155860608251, 0.9919426444509342, 0.9934892654489998, 0.9938578608283496, 0.9790827117921477, 0.9875945452909434, 0.9886331566619116, 0.9906600117740249, 0.991713762786876, 0.9925842921333966, 0.9936007261277435, 0.9748843970755489, 0.9798397436476488, 0.9870589408907672, 0.9894161224380482, 0.9922728544173435, 0.9928330779302589, 0.992493927479222, 0.9750831727549091, 0.9826580286183425, 0.9889140735298744, 0.9905132079270967, 0.9915775658934938, 0.9934070712674309, 0.9927856326188489, 0.9711659168357828, 0.9810698835785938, 0.9890244614383226, 0.9904810190624997, 0.9926968814929598, 0.9933493733477049, 0.9922961592676458, 0.9768825222854283, 0.9833272744534511, 0.9854307822995491, 0.9904444825721759, 0.9912597538606102, 0.9946606159354053, 0.9927027822061905, 0.976884913909152, 0.9832669611295517, 0.9896631245001728, 0.9904941321040158, 0.9920134547113281, 0.9927737117155961, 0.9934270978407898, 0.9753354318383651, 0.9822931324400748, 0.9878953695540481, 0.9912576081717915, 0.992353499224604, 0.9932699799674324, 0.9930969478385553]
[0.9624684698642426, 0.9789712465097024, 0.9868076443874921, 0.9878790379144241, 0.9917557239574433, 0.9939113855448442, 0.9926466350352235, 0.9740813474152556, 0.9860332015151081, 0.9868709445108744, 0.9864453077615306, 0.9903298635829956, 0.9911721349388233, 0.9939602018082063, 0.9771412639278821, 0.9852369433947621, 0.9870673418057999, 0.9879316091918777, 0.9904265999808554, 0.9934067729126698, 0.9921360017002637, 0.9717742353145219, 0.9808920046399824, 0.9868680250777987, 0.9904013899120057, 0.9908474685264229, 0.993374526790841, 0.9900284419488012, 0.9654850374260975, 0.980986654765719, 0.9883492001990336, 0.9881021392413532, 0.9922317862532847, 0.9909267425713243, 0.9921721821796026, 0.9683441534140725, 0.9784889828936567, 0.988287390970747, 0.9900195002722444, 0.9930915241367673, 0.9928625826533877, 0.9931575059994469, 0.9704494600527028, 0.9851480729458397, 0.9884748471935451, 0.985870421045654, 0.9895225812006408, 0.992288828763313, 0.9920080306241973, 0.9739809654669993, 0.982092816926337, 0.9853820924814157, 0.9894979005237052, 0.9921693806168688, 0.993094265665382, 0.9915426379537694, 0.969649732416546, 0.9846620599186514, 0.9846129417764005, 0.987148767729844, 0.9906624555635514, 0.9920905232430353, 0.9924731255927007, 0.9769864944092179, 0.978968265773312, 0.9846858382240006, 0.9887447361431887, 0.9902768135243726, 0.9918318391498987, 0.9934367540039925, 0.9746938407414889, 0.9806566249710027, 0.9852826039741315, 0.9879200458745326, 0.9901918805446476, 0.9912543298806592, 0.9914104345300503, 0.9698928083637952, 0.9794023055541272, 0.9893700489376291, 0.9854561090504362, 0.9919229156730841, 0.9900736213366773, 0.9927074910813224, 0.9767664139558377, 0.981876924132135, 0.9861166557342711, 0.986630382051085, 0.992083132476493, 0.9937170746442753, 0.9933852560079393, 0.9757550418747405, 0.9816399865196, 0.987984597698114, 0.9891944528652723, 0.9898228648084042, 0.9919414526025638, 0.9926760199264605, 0.9731555922840576, 0.9836472286714752, 0.9872136120101064, 0.9895271064055962, 0.9920976161961995, 0.9911847711333499, 0.9919108154682514, 0.9710963964489729, 0.9846552019899368, 0.987169682989131, 0.9899302732470907, 0.9916822315557785, 0.9919044973455885, 0.9921107294379259, 0.9732784638316502, 0.9776940665002432, 0.9847354948522036, 0.9884303808284267, 0.9892761717918825, 0.9906445748125478, 0.9932008981926155, 0.9708728960299943, 0.9844204792028096, 0.9837775230950145, 0.9872493180322738, 0.992573440151995, 0.9914668206079695, 0.9932007800831704, 0.9767929940357295, 0.9782901012497466, 0.9845725896791061, 0.9873906412272595, 0.9902392626460148, 0.9919600486757273, 0.9926318527938841, 0.973574460315745, 0.98119855529259, 0.9885060191957492, 0.9891864061358284, 0.9900558591266236, 0.9912356138818674, 0.9933456184284383]
[0.9706599148072868, 0.9817540049572615, 0.9861028819471764, 0.9881112022907169, 0.9934787154320762, 0.9912408602812354, 0.9916576747601945, 0.969936073176184, 0.9849492908144666, 0.9875721339464258, 0.9892224074546471, 0.9902716875081878, 0.9928698542793299, 0.991509258790512, 0.9714414477434665, 0.9824976335389359, 0.9878484650699998, 0.988024234775869, 0.9922575951648536, 0.9912919403159949, 0.9923639297910849, 0.9721387066039445, 0.9818860303876591, 0.9854714882432953, 0.9892485147239264, 0.9905254245476627, 0.9905021191067747, 0.991659641344692, 0.9704250098233441, 0.9781443134382115, 0.9854540873155738, 0.9893775597578129, 0.9905175567361273, 0.9929133655931882, 0.9926093222367028, 0.9699350095655774, 0.9770110845584318, 0.9867073901814564, 0.9879021648039568, 0.9893925786057872, 0.9920171507925061, 0.9923927189413957, 0.9740351615179387, 0.9837744832887703, 0.9836009760081319, 0.9868682628557758, 0.9917810561877433, 0.9925528765474996, 0.9928370119525729, 0.9752662195203635, 0.9804004585865048, 0.9865030650643046, 0.9903482210148243, 0.9888219853036877, 0.9923153522279831, 0.9928057194206896, 0.9799004806217487, 0.9816660365711037, 0.9873163700204352, 0.9883732801407177, 0.990273893840067, 0.9934267401706605, 0.9925978792765197, 0.9766813516708057, 0.9831574561568426, 0.9861868054817621, 0.9873805653179548, 0.9911525847604234, 0.9917929180188667, 0.991849184136331, 0.9744855774096204, 0.9808581507920225, 0.9867885713023409, 0.9895217427187762, 0.9909344911577253, 0.9924930334714898, 0.9900855425011713, 0.9717164307734474, 0.9789332751770883, 0.9866470711245016, 0.9888100042718724, 0.9919711951126504, 0.9923696517955544, 0.9928773046285018, 0.972677709644596, 0.981973410436462, 0.9875522860360442, 0.989741565181762, 0.9914213420250169, 0.9925841689164205, 0.9924467804746433, 0.970756014141025, 0.9801246530664891, 0.9845715170188122, 0.9901939034580971, 0.991051793099022, 0.9913823009453041, 0.9930062294575657, 0.9655109712186828, 0.9824208093744524, 0.988900959812089, 0.9886710666030847, 0.9900293947369929, 0.9916467077674584, 0.9924131633870465, 0.9703179037519882, 0.9802868992757265, 0.9892152547931535, 0.9884666873531663, 0.9904344705321567, 0.9918963329542145, 0.9926756024722319, 0.9662970900622979, 0.9805009398621674, 0.9862521906360897, 0.988886178468167, 0.9893461496351985, 0.9914486410500543, 0.9927138687386962, 0.9719789690586179, 0.9841005231200987, 0.9849811867259355, 0.9892740260220255, 0.9915150405712024, 0.9919434216087403, 0.992746710792407, 0.9785158743310326, 0.9857411386581383, 0.9909161925558283, 0.9883750680134981, 0.9889503719039153, 0.9927885532628667, 0.9932941795573785, 0.9768117122663528, 0.9784036281458632, 0.9861536639711771, 0.9848645359877694, 0.9913892749002878, 0.9924558408932256, 0.9923131466535591]
CNOT_numses
[32330, 47960, 64396, 80480, 97960, 112670, 128792, 32352, 48522, 64348, 80876, 97528, 113080, 129384, 32210, 48116, 64442, 80762, 97724, 112548, 129774, 32398, 48012, 64548, 81176, 97758, 113042, 129418, 32306, 48160, 64404, 81226, 98160, 112550, 129252, 32440, 48568, 64552, 81344, 98242, 112848, 128860, 32108, 48300, 64192, 80344, 97686, 113196, 129236, 32200, 48396, 64674, 80622, 97524, 112586, 129084, 32528, 48448, 64654, 80826, 98194, 113254, 128962, 32258, 48134, 64512, 80320, 97526, 112794, 128946, 32222, 48098, 64268, 80394, 97558, 112998, 129404, 32406, 48182, 64310, 80910, 97946, 112974, 128970, 32216, 48488, 64648, 81060, 97924, 112460, 129372, 32468, 48432, 64794, 80278, 98456, 112746, 129468, 32550, 48368, 64992, 80422, 97954, 112946, 128752, 32480, 48360, 64468, 80450, 97898, 112632, 129276, 32244, 48158, 64212, 80464, 98056, 112868, 129224, 32228, 48162, 65024, 80620, 98178, 113372, 129366, 32126, 48246, 65000, 80932, 97670, 113194, 129088, 32176, 48202, 64928, 80840, 98030, 112644, 128850]
[19698, 29818, 39830, 49614, 60036, 69434, 79090, 19924, 29600, 39456, 49702, 59924, 69214, 79772, 19866, 29664, 39366, 49266, 60184, 69632, 79260, 19984, 29508, 39560, 49976, 59726, 69552, 79690, 19906, 29400, 39990, 49382, 59842, 69638, 79164, 19394, 29730, 40018, 49810, 60138, 69374, 80132, 19822, 29534, 40088, 50274, 60642, 69122, 80176, 19868, 29668, 39908, 49740, 60462, 69606, 79794, 20038, 29518, 39626, 49408, 60514, 69790, 79728, 19678, 29654, 39704, 49778, 60488, 69126, 80114, 19902, 29632, 39594, 49820, 60128, 69320, 79354, 19966, 29638, 39620, 49474, 60374, 69632, 79464, 19918, 29502, 40024, 49636, 60108, 69308, 78828, 20058, 29916, 39356, 49782, 59618, 69922, 79568, 20068, 29864, 39366, 50136, 59734, 69240, 79268, 19924, 29810, 39974, 49806, 59712, 69130, 79086, 19862, 29666, 39902, 49542, 60304, 69718, 79256, 19802, 29818, 39500, 49656, 60316, 69876, 79318, 19980, 29450, 40060, 49594, 60048, 69670, 79230, 19860, 29732, 39624, 49598, 60376, 69074, 80112]
[19938, 29546, 40024, 49882, 60388, 69364, 79226, 19584, 29402, 39690, 49734, 59782, 69544, 79720, 19714, 29556, 39676, 49664, 60126, 69654, 79928, 19914, 29686, 39392, 49940, 60104, 69378, 79430, 19686, 29732, 39766, 49406, 60122, 69150, 78748, 19818, 29590, 39870, 49848, 60382, 68984, 79256, 20032, 29750, 39710, 49770, 59950, 69414, 79454, 19780, 29766, 39744, 49430, 60174, 69036, 79718, 19552, 29704, 39648, 49650, 60706, 69634, 78978, 19738, 29848, 39818, 49894, 60240, 69022, 79542, 19990, 29580, 39586, 49648, 60066, 69296, 79692, 20020, 29622, 39632, 49664, 60586, 69762, 79192, 19848, 29504, 40072, 49852, 60068, 69638, 79384, 19890, 29690, 39666, 49564, 60292, 69216, 79520, 20036, 29520, 39870, 49786, 59968, 69700, 80100, 19820, 29722, 39850, 49604, 60364, 69148, 79068, 19946, 29998, 39918, 49940, 59956, 68984, 79816, 20096, 29560, 39760, 49576, 60548, 69820, 79016, 20022, 29490, 40006, 49646, 60264, 69264, 79974, 19466, 29372, 39322, 50238, 60418, 69504, 80144]
single_q_numses
[29076, 42968, 57849, 72433, 87798, 101404, 115856, 28972, 43732, 57889, 72495, 87596, 101628, 116338, 29140, 43292, 57757, 72463, 87892, 101212, 116586, 29140, 43214, 57971, 72987, 87736, 101624, 116120, 29024, 43380, 57967, 72675, 88116, 101332, 116160, 29106, 43758, 58047, 73021, 88328, 101374, 115856, 28794, 43462, 57691, 72041, 87730, 101878, 116050, 28868, 43460, 58259, 72305, 87706, 101252, 115900, 29168, 43496, 58075, 72753, 88400, 101912, 115966, 28906, 43172, 57865, 72437, 87616, 101130, 115672, 28964, 43254, 57941, 72291, 87582, 101306, 116244, 29144, 43426, 57895, 72533, 87978, 101446, 116062, 29128, 43420, 58131, 72629, 87894, 100862, 115942, 29246, 43348, 58257, 72133, 88432, 101428, 116380, 29254, 43330, 58367, 72343, 88044, 101532, 116192, 29138, 43334, 58013, 72079, 87874, 101470, 116200, 28886, 43154, 57787, 72211, 88148, 101476, 115936, 28902, 43184, 58329, 72577, 88188, 101890, 116290, 28942, 43334, 58325, 72499, 87604, 101882, 115910, 28848, 43196, 58211, 72661, 88064, 101482, 115840]
[19746, 29452, 39525, 49055, 59448, 68676, 78504, 19762, 29392, 39185, 49415, 59552, 68708, 79120, 19610, 29258, 39325, 49093, 59650, 69108, 78478, 19736, 29388, 39155, 49257, 59366, 68890, 79216, 19632, 29168, 39503, 49115, 59358, 69096, 78546, 19180, 29562, 39485, 49387, 59744, 68596, 79376, 19782, 29296, 39693, 49787, 60012, 68630, 79604, 19748, 29526, 39315, 49173, 59824, 69052, 78914, 19908, 29242, 39447, 49099, 60136, 69272, 79116, 19536, 29468, 39437, 49457, 59806, 68716, 79520, 19710, 29334, 39327, 49449, 59658, 68764, 78654, 19722, 29408, 39317, 49027, 59838, 68844, 78834, 19666, 29302, 39837, 49367, 59640, 68676, 78358, 19926, 29724, 38963, 49523, 59366, 68840, 78988, 19734, 29660, 39087, 49637, 59206, 68736, 78556, 19778, 29516, 39637, 49213, 59292, 68880, 78552, 19704, 29402, 39699, 49153, 59732, 69304, 78666, 19638, 29616, 39257, 49167, 59648, 69092, 78918, 19724, 29204, 39735, 49277, 59638, 68954, 78638, 19616, 29390, 39389, 49229, 59918, 68538, 79518]
[19730, 29306, 39403, 49463, 59962, 69054, 78506, 19538, 29026, 39239, 49361, 59446, 69002, 78968, 19592, 29388, 39485, 49241, 59746, 69058, 79458, 19734, 29366, 39029, 49647, 59680, 68842, 78620, 19508, 29674, 39473, 49203, 59712, 68888, 78050, 19770, 29442, 39645, 49359, 59726, 68518, 78696, 19824, 29698, 39359, 49423, 59476, 68934, 78830, 19594, 29562, 39587, 48961, 59628, 68610, 78974, 19470, 29328, 39451, 49251, 60092, 69074, 78378, 19644, 29592, 39547, 49451, 60028, 68788, 78892, 19686, 29264, 39365, 49099, 59654, 68688, 78754, 19858, 29390, 39557, 49325, 60060, 68952, 78422, 19644, 29222, 39673, 49333, 59746, 68976, 78702, 19776, 29438, 39149, 49143, 59696, 68880, 78612, 19742, 29410, 39587, 49381, 59532, 69030, 79258, 19658, 29458, 39485, 49175, 59744, 68760, 78674, 19706, 29658, 39469, 49475, 59498, 68486, 79110, 19760, 29380, 39383, 49155, 59880, 68812, 78490, 19894, 29386, 39625, 49247, 59656, 68756, 79186, 19424, 29028, 39181, 49451, 59974, 68908, 79264]
time
13769.232920885086
