lam_list
 [[1.0, 0.0, 0.0], [0.4, 0.6, 0.0], [0.4, 0.3, 0.3]]
excute_time
 0.524
epsilon_list_1
 ['0.1', '0.067', '0.05', '0.04', '0.033', '0.0286', '0.025']
sampling_time
 20
acc_reses
[0.9819961519308646, 0.9803990159950101, 0.9860540070156139, 0.9943236717001984, 0.9949728853344372, 0.9928696751965892, 0.9943776729648914, 0.9874917271913343, 0.9910832070114621, 0.9926648148188029, 0.9916841389493567, 0.9943602094744679, 0.9856787920016576, 0.994969666244734, 0.9837830132545912, 0.9889978766444485, 0.9921434522596024, 0.9909746682488584, 0.988760061925962, 0.9960805178223331, 0.9953879714026067, 0.9722834781729087, 0.984985183833561, 0.989184244218024, 0.9858973673522659, 0.9967601301685209, 0.9869401391392216, 0.9942147732874587, 0.9774851149487314, 0.9780815091023951, 0.9891462984802287, 0.9928039995194434, 0.992341758140524, 0.9940492608021007, 0.9949450493143679, 0.9562661602276368, 0.9878941928628179, 0.9883521267651838, 0.9866008263722144, 0.9953317088344968, 0.9900652772745534, 0.9922434100113162, 0.9578915716770137, 0.9781162812280007, 0.9925697450816485, 0.9809994750394475, 0.9863779556697384, 0.9952548743622425, 0.9960588813800281, 0.9780193159164373, 0.9866094610534736, 0.9922724962325111, 0.9884818692634929, 0.9938243691157991, 0.9928066746836913, 0.9949843312070836, 0.9904747009283427, 0.9924369462522121, 0.9880929282069238, 0.9876033106806866, 0.9934660213331954, 0.994193434850456, 0.9959915876395581, 0.9820466977850547, 0.9859272511983598, 0.9843517864949394, 0.9931606056305259, 0.9937362680579925, 0.9934443268987815, 0.9902300848762353, 0.981117748784936, 0.9798699257234768, 0.9925898923630195, 0.9929962190011324, 0.9885312779282459, 0.9933387042731486, 0.9925574067820241, 0.9790787697984326, 0.9819801258681472, 0.9934147615926964, 0.9920433772510008, 0.9963873032216493, 0.9927213845034394, 0.9956327698900647, 0.9667046070592776, 0.982339566003558, 0.993979872429415, 0.9929135443211159, 0.9938662680427381, 0.9928210986481273, 0.9946069717654253, 0.976344310077, 0.9859684712884498, 0.9922493732089871, 0.9890050340825333, 0.9911743411472358, 0.9936445965456969, 0.9932243826020926, 0.9727337901405623, 0.9918756485399757, 0.98862779300324, 0.9884911832915542, 0.9933719649017405, 0.9909470107116104, 0.9942852856657555, 0.9771201923252919, 0.9884576880273038, 0.9879947311313513, 0.9860594290459781, 0.9946573990141284, 0.9924642523620881, 0.9942272307032564, 0.9788169306598895, 0.9847420641321066, 0.9941556470922941, 0.9901744186901376, 0.9914822590290625, 0.9848991740403769, 0.9948297145834348, 0.9656016053400224, 0.9769195433040598, 0.9893579535928653, 0.9894295366338935, 0.9944103966741396, 0.9940344096025906, 0.9955342414881908, 0.9778314255115056, 0.9761490255394079, 0.9849333167740343, 0.9898556000851305, 0.9915987857511007, 0.9942035079367394, 0.9937658331686813, 0.9569112604078787, 0.976837450861113, 0.9883194153271209, 0.991311432007032, 0.9953366518161884, 0.9826079625733716, 0.9957410693474199]
[0.9872554522596643, 0.9746881477509187, 0.9905589249621064, 0.9846561298714392, 0.9925670027767581, 0.9951670766085502, 0.9961955548410456, 0.9603842898364913, 0.9844560847039349, 0.9777386639084165, 0.9925380352034792, 0.993375074987095, 0.994831276960421, 0.9909223965384238, 0.9561889205766474, 0.9760529479263347, 0.9901499781910315, 0.9868961586312509, 0.9942061317158715, 0.9938194156003671, 0.9960143566259941, 0.9718096977977996, 0.9690416731371907, 0.9920749079577907, 0.989695576450727, 0.9949109563068671, 0.9950813673427789, 0.9922566446402115, 0.9804389227024379, 0.9840929637257897, 0.9800733928730078, 0.9790188186180626, 0.9940832855804257, 0.9912273291378364, 0.9958937168157636, 0.9517656626777445, 0.9544049567012133, 0.9884287136176766, 0.9953873160305508, 0.9931246092920153, 0.9952803256485835, 0.987134994773174, 0.9796776074257068, 0.980974799183763, 0.985739998746364, 0.9939950741707146, 0.996957778965594, 0.9839607783368762, 0.9930791262134929, 0.9786105209445204, 0.9820587629901181, 0.9855148795614154, 0.9933848431106758, 0.9937687552510589, 0.9938527347323013, 0.9939613396062131, 0.9676853512937182, 0.9797449989168527, 0.9843257684000447, 0.987173917695133, 0.9886049248595415, 0.9892327873891459, 0.9961383963727032, 0.972940436216189, 0.9786046745899528, 0.991634919566469, 0.9910643704071461, 0.9960325360305453, 0.9939941772397969, 0.9952996374151961, 0.9768164161247287, 0.9852719315277877, 0.9822700023759414, 0.9908462199424375, 0.9897353777943583, 0.9947867393756737, 0.9881738475482132, 0.9613928875152572, 0.9927836061451569, 0.9913776698031578, 0.991065145796662, 0.9939264067712097, 0.9886798966303608, 0.9961653353400979, 0.9719226169092149, 0.9637467646131762, 0.9894011628163522, 0.9916117208111935, 0.9954671860406955, 0.9885392464470596, 0.9961253405549388, 0.9747630733858139, 0.9804468598279608, 0.9766446568301533, 0.9912334705191599, 0.9909765736276112, 0.991848170814915, 0.994953694841176, 0.9714359246598859, 0.9834337379717057, 0.992540719354061, 0.9900766617212767, 0.9954983600307238, 0.9942091122285553, 0.9953218103883735, 0.9794756772329929, 0.9758010507808315, 0.9810118702611392, 0.9909972600971664, 0.9875018993134533, 0.9861223155205633, 0.9915714872305151, 0.9580480473054008, 0.9816544676989353, 0.9889265400430923, 0.9892327197430447, 0.9924961966881392, 0.9933345318447696, 0.9896629032270656, 0.9691708560130546, 0.9829560801790803, 0.9882014400394183, 0.9885342350631792, 0.9921064385792785, 0.9930455141339408, 0.9929172993783134, 0.9750267093306801, 0.983098380913764, 0.9833631892020428, 0.9852148538677273, 0.9947679047233107, 0.9935297372479494, 0.9929167701985704, 0.9590559203575898, 0.9799800892592331, 0.9913520818604249, 0.9912300112325629, 0.9913951163472665, 0.9936466217594586, 0.991869993994575]
[0.9710088997383152, 0.9788921632135896, 0.989610692020921, 0.9950365444089364, 0.9933453204902517, 0.9915733437825754, 0.9944651126867756, 0.986939019345605, 0.9886964603312159, 0.9826707244359256, 0.9921930447936691, 0.9962706565947193, 0.993676067826785, 0.9928771258441287, 0.9743974806642365, 0.9856142347448273, 0.9921200927511323, 0.9896433414618502, 0.9899328376837788, 0.9902080310915811, 0.9936205183770573, 0.9729540939935761, 0.9834906971941088, 0.9884371162081227, 0.9850991633474528, 0.9925497771625093, 0.9905730488995891, 0.9957635403307374, 0.9696244607967628, 0.9852855247053046, 0.9944390657390182, 0.994562566816627, 0.9923396116689363, 0.9954825044885849, 0.9923074841507216, 0.9783738257187329, 0.9840745575487297, 0.982988372648368, 0.9923944572440597, 0.9944634453624516, 0.9895581831831084, 0.9921185378759949, 0.9732531058382984, 0.9893305910452076, 0.9859387917498134, 0.994944274661, 0.9889133572941501, 0.9893679052550143, 0.9937085034167236, 0.9765087788686915, 0.9848898076208512, 0.9790966706848845, 0.9875457939043718, 0.987756670352789, 0.9938513042002357, 0.9918548562083246, 0.9795077272370862, 0.9874272354081575, 0.9827113155803985, 0.9898629722660419, 0.9905655450338158, 0.9936481714264372, 0.9957324863319599, 0.9700482333607306, 0.9780631818083266, 0.9842512062944231, 0.9834305935331481, 0.9956044560359086, 0.993138374763358, 0.9976794123922914, 0.9819887879841671, 0.9913827781431113, 0.9811333447713355, 0.9860937889758189, 0.9861372663901424, 0.991856516685839, 0.9936270132519625, 0.9884994057163312, 0.9783741919567427, 0.9902416515274777, 0.9953758723531702, 0.9949550629625739, 0.9949262144929147, 0.9926797767684953, 0.9628366014928053, 0.9897570628670558, 0.9840744883915253, 0.9958807826062445, 0.9925277233236801, 0.9939030425916195, 0.9943559169999895, 0.9816679365447318, 0.9867707044444907, 0.9656766310118122, 0.9937459832329272, 0.9904520531393681, 0.9942910684964648, 0.9929521087805182, 0.9757148690599727, 0.990208037141792, 0.9911093714964568, 0.9803570040205599, 0.9925369037356832, 0.9935704517637829, 0.9955359714457794, 0.9750235171114955, 0.9942413573726879, 0.9899967923771136, 0.9898310436590929, 0.9945396788363952, 0.9951801305500331, 0.9948716183353291, 0.968356624333036, 0.9810715159752875, 0.9828671156812919, 0.9871023311782683, 0.9943645627002334, 0.9886339914415231, 0.9941946889375377, 0.9907665854570359, 0.9840890404416038, 0.9902875507547206, 0.9889306458097274, 0.9905816962942067, 0.9910445810369161, 0.9930714965301636, 0.9787521363671744, 0.9885289669353359, 0.9829807933754863, 0.9934831876498738, 0.9908474685786025, 0.9929075257976708, 0.993483668981032, 0.9790043904525347, 0.9946315885501964, 0.9928773049212671, 0.9963057637254459, 0.9855833231242512, 0.989536472312489, 0.9965336322793866]
CNOT_numses
[1498, 2068, 2902, 3708, 4494, 5118, 5818, 1448, 2346, 2920, 3612, 4480, 5208, 5860, 1516, 2222, 2912, 3696, 4598, 5142, 5968, 1444, 2316, 3008, 3666, 4360, 5056, 5968, 1532, 2132, 2868, 3694, 4512, 5154, 5944, 1488, 2158, 2932, 3546, 4454, 5124, 5924, 1486, 2102, 2960, 3630, 4486, 5204, 5798, 1470, 2250, 3016, 3684, 4488, 5114, 5818, 1404, 2202, 2914, 3634, 4398, 5000, 6060, 1494, 2234, 3016, 3724, 4426, 5140, 5712, 1472, 2034, 2884, 3628, 4520, 5032, 5864, 1414, 2188, 2920, 3686, 4466, 4974, 5754, 1488, 2184, 2928, 3692, 4412, 5228, 5816, 1492, 2190, 3002, 3594, 4398, 4942, 5904, 1394, 2144, 2934, 3694, 4306, 5036, 5884, 1450, 2208, 2970, 3518, 4428, 5100, 5902, 1448, 2190, 2968, 3596, 4462, 5040, 5876, 1458, 2166, 2952, 3724, 4308, 5182, 5726, 1484, 2190, 3126, 3728, 4442, 5048, 5846, 1438, 2140, 2906, 3664, 4428, 5002, 5956]
[1166, 1678, 2270, 2784, 3482, 4040, 4560, 1134, 1734, 2274, 2780, 3418, 3886, 4540, 1090, 1592, 2320, 2894, 3454, 3972, 4440, 1106, 1676, 2228, 2930, 3438, 4026, 4490, 1088, 1644, 2150, 2704, 3476, 4102, 4600, 1102, 1620, 2240, 2692, 3418, 3870, 4532, 1140, 1668, 2192, 2836, 3480, 3884, 4608, 1108, 1662, 2302, 2722, 3376, 3854, 4504, 1182, 1668, 2196, 2816, 3322, 3856, 4472, 1124, 1656, 2186, 2892, 3374, 4098, 4516, 1202, 1620, 2184, 2718, 3474, 3794, 4550, 1124, 1648, 2152, 2982, 3362, 3828, 4532, 1078, 1656, 2274, 2806, 3392, 3996, 4706, 1104, 1742, 2286, 2768, 3374, 3978, 4676, 1134, 1684, 2288, 2882, 3420, 3976, 4414, 1116, 1734, 2188, 2876, 3456, 3894, 4592, 1078, 1658, 2302, 2754, 3392, 3926, 4558, 1076, 1654, 2290, 2822, 3462, 4042, 4640, 1040, 1758, 2370, 2854, 3348, 3968, 4530, 1166, 1740, 2236, 2822, 3440, 3882, 4538]
[1224, 1664, 2276, 2938, 3366, 4002, 4726, 1164, 1696, 2262, 2858, 3398, 4098, 4524, 1192, 1652, 2348, 2892, 3462, 3966, 4570, 1152, 1686, 2332, 2856, 3470, 3966, 4534, 1126, 1732, 2186, 2816, 3712, 3854, 4484, 1138, 1718, 2258, 2854, 3328, 3968, 4550, 1112, 1700, 2344, 2710, 3420, 4042, 4486, 1136, 1624, 2256, 2824, 3498, 4030, 4624, 1104, 1758, 2290, 2780, 3384, 3950, 4550, 1202, 1804, 2204, 2828, 3440, 4082, 4446, 1074, 1664, 2398, 2832, 3562, 4054, 4478, 1114, 1768, 2308, 2908, 3422, 4050, 4542, 1116, 1696, 2218, 2842, 3500, 3928, 4454, 1078, 1660, 2214, 2884, 3478, 3980, 4436, 1186, 1690, 2290, 2764, 3386, 4010, 4570, 1150, 1670, 2222, 2826, 3426, 3938, 4478, 1132, 1724, 2258, 2724, 3378, 3834, 4464, 1144, 1776, 2418, 2778, 3382, 4132, 4554, 1094, 1632, 2244, 2806, 3466, 3962, 4514, 1114, 1578, 2368, 2814, 3508, 3936, 4424]
single_q_numses
[793, 1071, 1509, 1961, 2350, 2690, 2924, 761, 1213, 1505, 1869, 2296, 2688, 3094, 809, 1137, 1537, 1937, 2400, 2660, 3086, 709, 1233, 1563, 1921, 2244, 2636, 3158, 777, 1093, 1529, 1925, 2300, 2746, 3068, 769, 1113, 1545, 1873, 2314, 2702, 3034, 797, 1081, 1561, 1901, 2324, 2720, 3014, 753, 1193, 1573, 1935, 2324, 2628, 3020, 751, 1121, 1517, 1851, 2290, 2594, 3130, 761, 1209, 1577, 1909, 2274, 2656, 2984, 737, 1057, 1501, 1923, 2338, 2560, 2992, 779, 1137, 1585, 1919, 2250, 2582, 2938, 779, 1135, 1521, 1845, 2250, 2714, 3058, 817, 1167, 1547, 1789, 2260, 2584, 3006, 697, 1113, 1527, 1947, 2246, 2584, 3008, 753, 1165, 1537, 1789, 2280, 2624, 3112, 735, 1081, 1549, 1821, 2352, 2564, 3094, 759, 1137, 1549, 1977, 2196, 2700, 2920, 785, 1113, 1651, 1967, 2258, 2616, 3040, 705, 1093, 1493, 1941, 2286, 2598, 3066]
[741, 1029, 1445, 1723, 2214, 2532, 2870, 729, 1161, 1491, 1753, 2168, 2464, 2858, 653, 977, 1451, 1825, 2194, 2464, 2754, 681, 1081, 1441, 1869, 2142, 2504, 2750, 673, 993, 1341, 1669, 2216, 2656, 2970, 717, 1037, 1391, 1695, 2120, 2434, 2900, 665, 1037, 1357, 1769, 2224, 2416, 2936, 709, 1065, 1417, 1675, 2180, 2392, 2854, 773, 1041, 1357, 1741, 2084, 2332, 2778, 701, 1029, 1353, 1809, 2110, 2584, 2954, 749, 1053, 1359, 1693, 2234, 2304, 2866, 681, 1065, 1337, 1889, 2100, 2416, 2874, 689, 1033, 1437, 1753, 2128, 2612, 3002, 681, 1141, 1413, 1797, 2098, 2492, 2954, 729, 1081, 1487, 1887, 2128, 2468, 2764, 675, 1119, 1349, 1755, 2176, 2518, 2978, 637, 1033, 1489, 1709, 2134, 2464, 2890, 645, 1095, 1417, 1781, 2240, 2524, 2916, 677, 1113, 1505, 1783, 2056, 2534, 2838, 733, 1129, 1401, 1765, 2232, 2356, 2930]
[755, 1041, 1457, 1881, 2092, 2552, 2998, 725, 1069, 1453, 1731, 2134, 2672, 2884, 765, 1025, 1481, 1849, 2112, 2514, 2874, 709, 1031, 1465, 1713, 2260, 2544, 2826, 699, 1111, 1361, 1835, 2392, 2336, 2872, 771, 1025, 1405, 1853, 2072, 2560, 2918, 689, 1073, 1477, 1633, 2132, 2528, 2838, 737, 1037, 1397, 1725, 2228, 2504, 2924, 657, 1081, 1441, 1741, 2146, 2434, 2962, 829, 1173, 1357, 1793, 2176, 2590, 2786, 657, 1009, 1533, 1729, 2292, 2532, 2774, 681, 1117, 1493, 1907, 2116, 2584, 2828, 705, 1053, 1405, 1821, 2268, 2588, 2712, 673, 1039, 1405, 1871, 2216, 2498, 2746, 777, 1101, 1429, 1743, 2160, 2588, 2806, 761, 1057, 1383, 1773, 2120, 2412, 2722, 705, 1093, 1405, 1613, 2084, 2424, 2738, 721, 1109, 1545, 1761, 2126, 2634, 2806, 633, 1029, 1381, 1739, 2216, 2474, 2858, 669, 949, 1453, 1785, 2206, 2520, 2770]
non-zero entry for P_0:
3600
non-zero entry for P_1:
97
non-zero entry for P_2:
305
time
1456.000180721283
