lam_list
 [[1.0, 0.0, 0.0], [0.4, 0.6, 0.0], [0.4, 0.3, 0.3]]
excute_time
 0.15
epsilon_list_1
 ['0.1', '0.067', '0.05', '0.04', '0.033', '0.0286', '0.025']
sampling_time
 5
acc_reses
[0.9824150825499128, 0.9795581120528368, 0.989199223411413, 0.9910406471803079, 0.9883590353043169, 0.9934740662842587, 0.9920008778758747, 0.9685790543907011, 0.9862858065649157, 0.9893740420081601, 0.9901286363970198, 0.9932498932312103, 0.9926830530342717, 0.9934770464922253, 0.9795508074910612, 0.9779216055355123, 0.9886341691049629, 0.9913374788562717, 0.9931353330618691, 0.9944956307221113, 0.9941831827279317, 0.9757647763409737, 0.9877384307352526, 0.9881681208514047, 0.9904165268369501, 0.9906399250695664, 0.9938877820974162, 0.9931325931089814, 0.9796460273215292, 0.9867662193570907, 0.9894836547041931, 0.9913570285720613, 0.9936661125781546, 0.9931989908792025, 0.9898217320477839]
[0.9781506773469864, 0.9785724996796461, 0.9828957915868997, 0.9865207427694221, 0.9937014587695688, 0.9933998587105589, 0.9910315276923755, 0.9472905993622115, 0.982983828964912, 0.9807777494880168, 0.9870352154881641, 0.9899818898986211, 0.9915230871270992, 0.9932991865170279, 0.9687327532501085, 0.9791384935624052, 0.9878182415284356, 0.9888010025108738, 0.9903697971443208, 0.9935964353435608, 0.9932792790574635, 0.9615300180100794, 0.9848710958494024, 0.9818270834255128, 0.9874708056837376, 0.9916023612270743, 0.9927910566454801, 0.9939143061950397, 0.9787216347871004, 0.9801349049962766, 0.9873153017798593, 0.9884296064781196, 0.9891081458752614, 0.990849137828187, 0.9953197836910284]
[0.9795674742028411, 0.9861469269092936, 0.9879460937402016, 0.9889653935883912, 0.9933823347994922, 0.9917864799500002, 0.9943234324470285, 0.9646938626409788, 0.9834769972913618, 0.9832558039519761, 0.9875155752339774, 0.9871187234703129, 0.9938957691193016, 0.9925562144293063, 0.9647677153382884, 0.9773425382046754, 0.9820925683103376, 0.9906783701001156, 0.9875100274992762, 0.993527054988692, 0.9923450350761532, 0.9745619460875866, 0.9863153121812395, 0.9813792160727648, 0.9873071945013712, 0.9926263690752452, 0.9938682317866037, 0.9954499006279663, 0.9585998113249047, 0.9843870415306168, 0.9890128971103201, 0.9915037758567053, 0.9904447203413157, 0.9923596382609139, 0.9925416113670997]
CNOT_numses
[1022, 1408, 2066, 2430, 2980, 3528, 4180, 926, 1370, 2010, 2564, 3012, 3272, 3860, 940, 1278, 2044, 2402, 3018, 3360, 4010, 964, 1336, 1860, 2450, 2956, 3520, 3824, 1032, 1586, 1980, 2560, 3120, 3368, 4094]
[640, 930, 1198, 1492, 1882, 2006, 2378, 542, 1016, 1132, 1436, 1776, 2100, 2472, 574, 978, 1244, 1566, 1798, 2200, 2424, 638, 836, 1302, 1516, 1822, 2128, 2458, 642, 942, 1264, 1476, 1778, 2206, 2442]
[652, 950, 1050, 1630, 1882, 2118, 2348, 630, 974, 1194, 1414, 1876, 2120, 2472, 622, 768, 1232, 1580, 1794, 2216, 2392, 628, 900, 1224, 1570, 1934, 1932, 2422, 464, 900, 1258, 1536, 1798, 2042, 2460]
single_q_numses
[528, 765, 1112, 1288, 1562, 1861, 2300, 456, 715, 1046, 1322, 1528, 1751, 2042, 480, 645, 1046, 1284, 1562, 1781, 2134, 510, 657, 986, 1224, 1546, 1835, 2104, 528, 839, 1052, 1352, 1666, 1813, 2114]
[416, 587, 806, 974, 1200, 1261, 1510, 344, 663, 702, 882, 1152, 1333, 1644, 340, 653, 862, 1024, 1160, 1399, 1478, 408, 515, 894, 974, 1214, 1315, 1592, 410, 619, 798, 912, 1096, 1447, 1622]
[440, 633, 702, 1032, 1216, 1365, 1554, 352, 663, 726, 880, 1220, 1377, 1536, 374, 519, 824, 1076, 1148, 1519, 1550, 424, 609, 810, 976, 1214, 1191, 1586, 290, 555, 822, 974, 1156, 1301, 1520]
non-zero entry for P_0:
436921
non-zero entry for P_1:
1230
non-zero entry for P_2:
8318
time
303790.42459487915
