lam_list
 [[0.2, 0.8, 0.0], [0.8, 0.2, 0.0], [0.2, 0.4, 0.4]]
excute_time
 0.785
epsilon_list_1
 ['0.1', '0.067', '0.05', '0.04', '0.033', '0.0286', '0.025']
sampling_time
 20
acc_reses
[0.9592710059538999, 0.9708219447187708, 0.980654572287465, 0.9858761114440128, 0.9904012785636053, 0.9930965454363171, 0.9746727350190781, 0.9831864156384029, 0.978719486693912, 0.9879284212201924, 0.9922646010497457, 0.9926842551679372, 0.995269433511859, 0.9910850502773964, 0.9867805776960027, 0.9804358801190728, 0.9851255767351214, 0.984408802871237, 0.9906942993588487, 0.9923798001438331, 0.9960737584760646, 0.9590914360181532, 0.975326338957286, 0.9692950985397182, 0.9922074631029958, 0.9912615377825139, 0.9959685601768365, 0.9966723807247172, 0.9828654796668104, 0.9879344526137951, 0.974900131109979, 0.9777810432920707, 0.993642199409892, 0.9874741898286404, 0.9941591766672241, 0.9491105367038501, 0.9812484149002069, 0.9850666854502834, 0.9873777777042785, 0.9739924627629845, 0.991184069770613, 0.9967486098892356, 0.9875856470867375, 0.983726003815561, 0.9615917742276259, 0.9869946090344803, 0.9895549235563338, 0.9906208040482642, 0.9953692331130444, 0.9345815985887206, 0.9739020869029134, 0.9826091814028352, 0.9820545927523745, 0.9909114742340122, 0.9903828999265616, 0.9965145810604586, 0.9830476824192923, 0.9601047058006447, 0.9880045690269078, 0.9885495540988082, 0.994602796412659, 0.9919913062399044, 0.9888633788540272, 0.9703001646876509, 0.9734878261552657, 0.9854011469330387, 0.9883720011150321, 0.9847169136873819, 0.9954468925111398, 0.9930413706906163, 0.9742165383076885, 0.9839978996841431, 0.9839285304878679, 0.9876501128026559, 0.9931609280028754, 0.9782892779174266, 0.9945903448382425, 0.9580988633734522, 0.992549076049724, 0.9941417018889688, 0.9906198561865402, 0.9831448152530433, 0.9888248412596049, 0.9900518256181906, 0.9648168483861077, 0.976451619200803, 0.9886294278304119, 0.9931435353821773, 0.9947943457872903, 0.9850821738535076, 0.9907054434170975, 0.9672976461394815, 0.9889362687572851, 0.9805919372446126, 0.9911867766559, 0.9906522694861629, 0.9916962815586661, 0.9953252151067223, 0.9845554358953897, 0.9871441122855825, 0.981710886181561, 0.9758692308791987, 0.9881629336833375, 0.9970304074288638, 0.9868658535766398, 0.9840053065113455, 0.9900496183421311, 0.984214993014245, 0.993171397086307, 0.9933531555802566, 0.9893181993052484, 0.9871244058904006, 0.9631232458164989, 0.9840097172895172, 0.9650186622048604, 0.9942199770738416, 0.990361590658529, 0.9917531924802855, 0.9943415672252687, 0.9250340924754427, 0.9769379852429138, 0.9784798859141253, 0.978871679879647, 0.9933087585723633, 0.9853453567769008, 0.990247838570344, 0.9772180365539044, 0.966408281586266, 0.9896440470607208, 0.9860246889633101, 0.987646921353042, 0.9924187441432554, 0.9934251478598892, 0.9781750127749064, 0.9776060697786582, 0.9899541335693596, 0.9882252323672098, 0.9877393467158145, 0.9922140102464, 0.9963377070803331]
[0.9643973661457094, 0.9800285234005283, 0.9885094648649384, 0.9925319805805252, 0.9924271405257882, 0.9946287358430338, 0.9926336010907393, 0.981750010738402, 0.9836733271757954, 0.9872627443154058, 0.9932067936882697, 0.9931640903684581, 0.9960639573645255, 0.9934249695942751, 0.9681425634572904, 0.9867418255262271, 0.9909415377266624, 0.9870000950226594, 0.9935688859184493, 0.9958750589939269, 0.9858226818018632, 0.9834755044074578, 0.983772367292536, 0.9914627335965981, 0.9912099766000312, 0.994147433260361, 0.9933285304226941, 0.9960261943054496, 0.984953137827694, 0.9861459885379041, 0.9824764503524348, 0.9955826700476119, 0.9914855837225758, 0.9949150653424595, 0.9925287930440776, 0.9804021828977779, 0.9877160551187804, 0.9881480970606341, 0.9929981062288812, 0.9968105633667554, 0.9935408344639899, 0.995959508110907, 0.982637203700973, 0.9796004819551092, 0.9821018943442107, 0.9883687712898088, 0.9937898348150024, 0.9954947886111997, 0.9870754468285117, 0.9682018001758018, 0.9754154249739553, 0.9915136893437269, 0.9907481468551602, 0.9961403264122023, 0.9928087437166191, 0.9944756763658, 0.981571141986461, 0.9760614899968362, 0.9878714424445986, 0.993459649456866, 0.9901004888941771, 0.9927581983578748, 0.9921729109882816, 0.9794037107430585, 0.978417506567991, 0.9761795580370994, 0.9807564300732758, 0.9905989694197935, 0.9942000090287338, 0.9963307058373342, 0.9646220194747038, 0.9845553055834806, 0.9902388464578812, 0.9882244337833355, 0.9858720854900824, 0.9923196842190981, 0.995705103001037, 0.9656324244056431, 0.9830110769438143, 0.9848181286059629, 0.9881061458207038, 0.9935977774516932, 0.992859205806266, 0.9926817791665108, 0.9829535702933622, 0.9829811696719251, 0.9927838329275406, 0.9937297647237974, 0.9929221456716958, 0.9887136281273087, 0.9952274846918026, 0.9813294730522699, 0.9846413979644616, 0.9887874555933834, 0.9845820216315138, 0.9935480704465952, 0.9946683987909418, 0.9913890139482563, 0.9873341021531651, 0.9798906621271624, 0.9797696376950374, 0.9911050483692699, 0.9917125433019727, 0.9929324479258917, 0.99453619252753, 0.9830647642650878, 0.9904529142573367, 0.9909054469421277, 0.9884573543723065, 0.9891135597749464, 0.9944113948216856, 0.9943579320648313, 0.9809254838675172, 0.9693228904975261, 0.9919184633920357, 0.9946436680390389, 0.9922510706661127, 0.991496564756157, 0.9882936147205665, 0.9723271518043459, 0.9836878801032467, 0.9881419218258048, 0.9824176681372269, 0.9922027129649034, 0.9926527237171036, 0.9956585888976395, 0.9791616971410684, 0.9873467603172904, 0.9903576497345554, 0.9925362782532643, 0.9884574995754328, 0.9913844517887344, 0.9963179593660616, 0.9777745651384343, 0.9797651164532406, 0.9848466740040487, 0.9896537509831049, 0.9951058083483902, 0.9905617520184171, 0.9926662655744855]
[0.9699177720497857, 0.9755084417197357, 0.9823419354963838, 0.9905140612897905, 0.994321529203448, 0.9901230035417679, 0.9931905554774905, 0.9551531379457104, 0.9864221920599606, 0.9901058417278705, 0.9895376424734788, 0.9930196942177704, 0.9936746475408529, 0.9953110498726291, 0.9327763141722711, 0.9842647328893713, 0.9900591564024601, 0.9903988240385858, 0.9926547573136708, 0.9940054098539595, 0.9881483837409473, 0.987598608443192, 0.9884218398837219, 0.9858912241724458, 0.9927403841166224, 0.9844917905462945, 0.9939816861747728, 0.9935616084507798, 0.9791471406524969, 0.9812316945645695, 0.9871748408296837, 0.9917088167977762, 0.994579043818737, 0.9902540647321213, 0.991011046824149, 0.975140917851615, 0.9709963223640251, 0.9868106494766485, 0.9859203721225491, 0.9910773518466361, 0.9958609895338215, 0.9924668984484232, 0.9751651115387965, 0.9857131779613495, 0.9777953937193101, 0.9943671463357775, 0.993583652580716, 0.9961459705122557, 0.9925730331888867, 0.9793643394240376, 0.9658576990058405, 0.9875908301468195, 0.9941918742961168, 0.9912906414282966, 0.9954357271167527, 0.9913160506907441, 0.969373841337147, 0.9779242146506968, 0.9872730394403038, 0.9924185506388847, 0.9919211030645211, 0.9943731543047314, 0.9955853148233309, 0.9795321705746567, 0.9682523418009089, 0.9922937752861506, 0.9910531581316351, 0.9923683464439829, 0.993895358255987, 0.9955660465080167, 0.956040141780162, 0.9855155787243799, 0.9929474844872823, 0.9949959044941369, 0.9921036215546668, 0.9855511035706087, 0.9932231200326062, 0.9682342138187733, 0.9889343520109637, 0.9945113380176118, 0.9879997073840016, 0.9933437987562613, 0.9936421844474271, 0.9916876204477006, 0.9826896581878707, 0.9846440887504175, 0.9903236954674955, 0.9901431401640328, 0.9916736620214752, 0.9879655873847235, 0.9909093802596355, 0.9768339566449774, 0.9837054096006412, 0.9863805711391046, 0.9876863702556543, 0.9896562445210448, 0.9916268485176317, 0.9968659450076213, 0.9623287779342371, 0.9909456432238043, 0.9921768387474185, 0.9878338238118982, 0.9938998850537518, 0.9889708905171486, 0.9929500773876613, 0.9830131778901976, 0.9871331641333925, 0.9929080327848662, 0.9953697247350384, 0.994498076881789, 0.9935771218942816, 0.9955920223458147, 0.9717300734005008, 0.9842036171801408, 0.9887445386198668, 0.9878469528466285, 0.9922610073652918, 0.992544913712834, 0.9915846422794483, 0.9720315230448404, 0.9893853045687597, 0.9924303142394842, 0.9914693082886382, 0.9905082734999127, 0.9918667106839995, 0.9923846361680405, 0.9606502944664905, 0.9902623133899223, 0.9915038801722468, 0.9925214117186579, 0.9945025129861088, 0.9940873821179772, 0.9955518871439656, 0.9786472252945451, 0.9863596403906327, 0.9838012300148927, 0.9915203078199621, 0.9931814199102623, 0.9891198056855885, 0.9909108505736914]
CNOT_numses
[2294, 3440, 4818, 6018, 7202, 7892, 9224, 2296, 3388, 4470, 5736, 7006, 7936, 9246, 2152, 3492, 4472, 5578, 7034, 7962, 9020, 2472, 3438, 4518, 5876, 6826, 7886, 9024, 2276, 3436, 4530, 5900, 6952, 8042, 8960, 2304, 3320, 4526, 5860, 6836, 8004, 9248, 2232, 3534, 4510, 5614, 7010, 8390, 9262, 2176, 3378, 4686, 5648, 6734, 8156, 9064, 2270, 3446, 4592, 5678, 7142, 7818, 9082, 2292, 3560, 4712, 5450, 7004, 7892, 8970, 2352, 3374, 4776, 5732, 7022, 7842, 9222, 2250, 3470, 4528, 5780, 7248, 8106, 9080, 2338, 3328, 4666, 5704, 6860, 8166, 9228, 2358, 3424, 4670, 5492, 6934, 8004, 9122, 2302, 3430, 4544, 5894, 6930, 8010, 9290, 2300, 3416, 4468, 5810, 7018, 7938, 9240, 2406, 3466, 4634, 5726, 6618, 8106, 9380, 2430, 3356, 4578, 5608, 6810, 7902, 9226, 2322, 3482, 4582, 5756, 6780, 8082, 9082, 2232, 3414, 4440, 5790, 6744, 8034, 9166]
[2982, 4530, 5992, 7428, 9106, 10698, 11992, 3008, 4610, 5798, 7644, 9336, 10700, 12186, 2992, 4588, 6002, 7614, 9040, 10636, 12206, 3024, 4570, 6026, 7698, 9066, 10736, 11992, 2990, 4606, 5970, 7430, 9212, 10550, 12018, 3040, 4608, 5990, 7672, 9266, 10444, 12004, 3066, 4582, 6110, 7480, 9108, 10334, 12246, 3156, 4408, 5936, 7546, 9190, 10510, 12048, 2980, 4450, 6124, 7434, 9254, 10676, 12360, 3072, 4446, 6086, 7488, 9166, 10490, 12108, 3246, 4620, 6046, 7590, 9130, 10774, 12204, 3154, 4494, 6218, 7732, 9278, 10524, 12176, 3034, 4622, 6028, 7592, 9228, 10570, 12248, 3018, 4636, 6174, 7676, 9278, 10674, 12012, 2984, 4532, 6228, 7482, 9284, 10620, 12158, 3070, 4486, 6012, 7560, 9300, 10684, 12042, 2878, 4572, 6022, 7642, 9250, 10660, 12154, 2960, 4542, 5954, 7674, 9202, 10714, 12246, 2906, 4486, 6088, 7524, 9296, 10640, 12166, 3058, 4576, 6170, 7800, 9054, 10706, 12258]
[2176, 3410, 4498, 5694, 7118, 8202, 8888, 2274, 3296, 4528, 5724, 7100, 7946, 9086, 2188, 3388, 4572, 5786, 7050, 7826, 9282, 2226, 3408, 4638, 5772, 7130, 8238, 9056, 2320, 3322, 4670, 5748, 6960, 7868, 8966, 2356, 3564, 4674, 5852, 6886, 8072, 9256, 2428, 3348, 4566, 5772, 7200, 7974, 9436, 2254, 3516, 4526, 5646, 7104, 7990, 9098, 2312, 3416, 4642, 5768, 6758, 7976, 9288, 2298, 3720, 4620, 5664, 6878, 8152, 9142, 2200, 3456, 4658, 5660, 6980, 7964, 9204, 2362, 3454, 4576, 5610, 6774, 8002, 9248, 2190, 3376, 4532, 5740, 6790, 8116, 9132, 2224, 3366, 4492, 5992, 6954, 7992, 9238, 2140, 3484, 4470, 5802, 6878, 7832, 9258, 2284, 3394, 4524, 5700, 6856, 8030, 9302, 2396, 3430, 4500, 5764, 6814, 8106, 9054, 2302, 3250, 4506, 5624, 6834, 8002, 9094, 2372, 3408, 4572, 5674, 7062, 8150, 9236, 2282, 3352, 4406, 5784, 6764, 7938, 9178]
single_q_numses
[1524, 2324, 3415, 4369, 5040, 5432, 6294, 1552, 2276, 3011, 3893, 4798, 5392, 6378, 1420, 2420, 2967, 3761, 4782, 5460, 6170, 1760, 2332, 3063, 4185, 4618, 5232, 6122, 1520, 2336, 3063, 4117, 4648, 5546, 6122, 1640, 2204, 3107, 4121, 4554, 5550, 6370, 1488, 2440, 2987, 3813, 4804, 5928, 6350, 1480, 2364, 3319, 3801, 4582, 5554, 6266, 1524, 2452, 3199, 3817, 4936, 5226, 6234, 1536, 2476, 3217, 3601, 4820, 5344, 5970, 1660, 2252, 3383, 4005, 4856, 5346, 6150, 1532, 2376, 3071, 4011, 5116, 5636, 6070, 1616, 2228, 3291, 3901, 4608, 5628, 6448, 1632, 2352, 3287, 3657, 4760, 5416, 6158, 1528, 2368, 3079, 4169, 4792, 5388, 6478, 1568, 2332, 2971, 3961, 4898, 5400, 6382, 1680, 2360, 3239, 4043, 4320, 5612, 6504, 1748, 2304, 3135, 3837, 4638, 5300, 6354, 1618, 2448, 3087, 4013, 4584, 5528, 6098, 1452, 2360, 2963, 3935, 4612, 5432, 6230]
[1682, 2500, 3239, 4103, 4952, 5866, 6500, 1616, 2526, 3081, 4159, 5014, 5968, 6706, 1604, 2534, 3243, 4085, 4958, 5788, 6680, 1714, 2558, 3283, 4283, 4916, 5856, 6590, 1656, 2514, 3281, 4105, 5068, 5754, 6650, 1670, 2474, 3275, 4191, 5110, 5742, 6606, 1686, 2566, 3405, 4143, 4972, 5768, 6694, 1748, 2428, 3221, 4125, 5028, 5792, 6598, 1638, 2488, 3439, 4093, 5110, 5934, 6904, 1676, 2424, 3373, 4127, 5018, 5770, 6588, 1814, 2570, 3375, 4105, 4996, 5946, 6744, 1718, 2484, 3439, 4199, 5126, 5806, 6694, 1672, 2526, 3381, 4169, 4984, 5848, 6806, 1664, 2568, 3395, 4213, 5134, 5834, 6608, 1618, 2502, 3473, 4155, 5228, 5912, 6708, 1728, 2456, 3263, 4125, 5092, 5880, 6648, 1586, 2570, 3273, 4149, 5112, 5832, 6664, 1604, 2506, 3313, 4259, 5006, 6000, 6664, 1556, 2388, 3423, 4145, 5114, 5806, 6642, 1688, 2530, 3371, 4287, 4968, 5788, 6894]
[1392, 2428, 3043, 3869, 4820, 5662, 5954, 1592, 2204, 3027, 3871, 5016, 5356, 6234, 1424, 2336, 3091, 3825, 4812, 5220, 6362, 1532, 2278, 3197, 4017, 4976, 5690, 6142, 1596, 2192, 3263, 3913, 4724, 5304, 6006, 1644, 2600, 3197, 4089, 4540, 5500, 6238, 1708, 2260, 3061, 3861, 5066, 5284, 6492, 1480, 2488, 3099, 3885, 4968, 5376, 6110, 1556, 2280, 3095, 3909, 4458, 5428, 6366, 1560, 2814, 3111, 3773, 4660, 5664, 6114, 1404, 2332, 3179, 3773, 4828, 5228, 6370, 1616, 2250, 3069, 3773, 4464, 5312, 6346, 1462, 2224, 3075, 3969, 4504, 5594, 6128, 1488, 2328, 2983, 4151, 4712, 5454, 6282, 1400, 2392, 3063, 3961, 4590, 5230, 6194, 1548, 2292, 3067, 3853, 4680, 5478, 6430, 1744, 2360, 2991, 3863, 4636, 5456, 6010, 1576, 2204, 3019, 3729, 4644, 5460, 6104, 1694, 2312, 3131, 3981, 4910, 5576, 6318, 1594, 2244, 2863, 3877, 4512, 5456, 6266]
non-zero entry for P_0:
3600
non-zero entry for P_1:
97
non-zero entry for P_2:
305
time
7252.6942093372345
