lam_list
 [[1.0, 0.0, 0.0], [0.4, 0.6, 0.0], [0.4, 0.3, 0.3]]
excute_time
 1.57
epsilon_list_1
 ['0.1', '0.067', '0.05', '0.04', '0.033', '0.0286', '0.025']
sampling_time
 20
acc_reses
[0.9746484200334239, 0.9840573675920298, 0.988432170307822, 0.9901331665031957, 0.9877899396621366, 0.9938612593695075, 0.9919689894285953, 0.9749323263236613, 0.9784085532081932, 0.99094760576803, 0.9922376287984435, 0.9898813963488221, 0.9942467812266036, 0.990111470269161, 0.9801629986095916, 0.9812398584650079, 0.9894830626607508, 0.9875196254711953, 0.9900876881802243, 0.9935032726697683, 0.9899320008287771, 0.9769494489942028, 0.9826955846263875, 0.9861430535608057, 0.9910789170401214, 0.9924570322931164, 0.9927046895122924, 0.9916657209556203, 0.976476192474783, 0.9743562558493496, 0.9880246521240353, 0.9920753839090257, 0.9918466221895551, 0.9938833121074414, 0.9913707377658652, 0.9693124098047506, 0.9865905652417473, 0.9887808612772767, 0.9890043755480474, 0.9888748543374627, 0.992520809845746, 0.9897961022467923, 0.9728268510365814, 0.9793614745214805, 0.9851162433665388, 0.9903342731684618, 0.9892699731366824, 0.9931866527120486, 0.9931891560774573, 0.9768891494895627, 0.9849457167191779, 0.9888749124332911, 0.9915333391919702, 0.9913594734765175, 0.9925012090875013, 0.9911540158936942, 0.9783733492236739, 0.9789931180960818, 0.9906449914030576, 0.9893870362949307, 0.9919545650555407, 0.9921450031037599, 0.9913917191568365, 0.9765578521375674, 0.9784419389247303, 0.9865709513395735, 0.9933860903158045, 0.9904885295821849, 0.9937294131038122, 0.9913707981703886, 0.974822366460642, 0.9806339786050752, 0.9868766070353797, 0.9908064605592742, 0.9923083782197857, 0.992774367823986, 0.9919807319342689, 0.9791465421245937, 0.9802092405933073, 0.9851750191752927, 0.990247313320134, 0.9929602147808252, 0.9934283498100674, 0.9926785230687999, 0.9714908452394841, 0.9864622972005548, 0.9882716537263154, 0.9885048275089149, 0.9895535148806499, 0.9942079782688403, 0.9905937314113371, 0.9692002455425658, 0.9851185106473699, 0.9845831422796864, 0.9920110114212274, 0.9885968062018666, 0.9934027197487215, 0.9918510317909485, 0.9745691683052484, 0.9833726896524037, 0.9878390503318248, 0.9875687973766749, 0.984279872177928, 0.9944092040100871, 0.9918802384083029, 0.9778423327874392, 0.9818422453943897, 0.9873165518650313, 0.9916117913017044, 0.9894037863219343, 0.9925923943530678, 0.9905138616822377, 0.9831599622068649, 0.9828344586364208, 0.9897316204499242, 0.9926134358339694, 0.9911212345724092, 0.9937670233044781, 0.9928286672479145, 0.9809628212308497, 0.987216005360311, 0.9906496430143519, 0.9910106692925307, 0.9932373762332388, 0.9937416316885616, 0.9905987387596595, 0.9777681468004387, 0.9876274468167392, 0.9887683391642961, 0.9901961687635867, 0.9899501221161218, 0.9922801264734292, 0.9923066505141425, 0.975679940553168, 0.9830610161023703, 0.9891003382778756, 0.9871433379956374, 0.989936174108795, 0.9937510491161653, 0.9927850366498234]
[0.9680450646267753, 0.9764004717997288, 0.9886223105600029, 0.9804438921202986, 0.9875900149760092, 0.9907590162985138, 0.9916903979121072, 0.9724795226002619, 0.9805483930074292, 0.9810078957949078, 0.9842421471959225, 0.9872247685219511, 0.9905950428909488, 0.9887567193389989, 0.9706515537858655, 0.974303962020768, 0.9862836668655527, 0.9870011809635942, 0.9887330532531673, 0.9939368378864538, 0.9909491542057925, 0.9648731304925456, 0.9806527024082927, 0.9871412573851194, 0.9829523638135077, 0.9905220280945498, 0.9899079227191868, 0.9911676049292378, 0.9711180525872112, 0.9769306796778994, 0.9830055872007869, 0.9860730927054001, 0.9905025960124705, 0.9873363537865515, 0.989491522325087, 0.9820634127807176, 0.9827315947518455, 0.9867435693805633, 0.9866310422560755, 0.9893653992426026, 0.9910805835475589, 0.987880005180177, 0.9654701513795491, 0.982665248124871, 0.9828706825435298, 0.9883292917360949, 0.9893751148489528, 0.9858632157337354, 0.990672827146689, 0.9794033773259234, 0.9609793455587395, 0.9903693795722581, 0.986656012693474, 0.9859554191885271, 0.9904587310437031, 0.9910297394679742, 0.9555647396029807, 0.9798515050961483, 0.9868009303457618, 0.9664104294467579, 0.9885235429609807, 0.9920716923853758, 0.990774214957932, 0.9697091899530521, 0.9776662026399764, 0.9786741231852107, 0.99066013469068, 0.9909759188471773, 0.990888416798294, 0.9914194350636534, 0.9731951834505805, 0.9718234575803306, 0.9834642011050083, 0.9844885565825058, 0.9902388468992657, 0.9893911189460094, 0.9875865686107236, 0.9709372330049678, 0.9855107735115662, 0.9826235289409297, 0.9853846851261827, 0.9896652698795896, 0.9929079421406081, 0.9915158156666916, 0.9709549820199325, 0.9826993424996188, 0.9807973875417266, 0.9829357322761696, 0.9861684450840109, 0.9932191976885847, 0.9924428465842083, 0.9716168658981738, 0.9851586226236908, 0.9826641686737747, 0.9878798178130127, 0.9860702599888508, 0.9912383580505905, 0.9906619792079661, 0.9741262852521114, 0.977070889211674, 0.990425351270764, 0.9875144391202294, 0.9832587282433577, 0.9918281447981515, 0.9904490709426189, 0.9760739921237794, 0.9782257188336247, 0.9808063020452771, 0.9888753891515208, 0.9872847819681818, 0.9889705183370805, 0.9878661057919991, 0.9743649364186853, 0.9850314872619087, 0.9783452945291071, 0.9901990296975429, 0.9878405998172547, 0.9924252664415798, 0.9893308337031888, 0.9803733311150706, 0.9827605508184405, 0.9828973413849122, 0.9868747603938413, 0.9850628512219065, 0.9909553561137349, 0.9886983050308346, 0.9591132890019101, 0.9649979236046804, 0.9794413497590503, 0.9904154579456245, 0.9889536534990993, 0.9883785845605505, 0.9900853063329967, 0.9428166773676265, 0.9812687041836096, 0.9769667114736083, 0.9890533805354259, 0.991623222940077, 0.9872459177313776, 0.991135120393205]
[0.9639096380586654, 0.9745333402716323, 0.985258370158873, 0.9892104917539373, 0.9912337076401789, 0.9905584552540906, 0.99105376038724, 0.974193396725149, 0.9812963636711265, 0.9784064976485728, 0.9878888133422185, 0.9897212993251109, 0.9899951265300115, 0.9904432896686459, 0.975649941389971, 0.980419007534942, 0.9816150182669008, 0.9902045130886816, 0.9909633996169581, 0.9903444071226617, 0.9936993122747171, 0.9727737310246388, 0.9839177781315533, 0.9834717695079074, 0.9888206724419911, 0.9907131218974864, 0.9915756602263377, 0.9867035770746325, 0.9742984701945901, 0.9813682831420953, 0.9850167632106728, 0.9841117125256669, 0.9873623252073422, 0.9911978878572021, 0.9895306850383115, 0.973202372676146, 0.9796981845151173, 0.9877960244434875, 0.9862205598819656, 0.9884925672662437, 0.9922206410593296, 0.9911270737723141, 0.9796605229686954, 0.9754061620086125, 0.9842911987963753, 0.9903228287730018, 0.985773564572957, 0.989104688386242, 0.9907764842200028, 0.960676792290745, 0.9711898713312511, 0.9878365407883587, 0.9807116409158174, 0.9845435260389376, 0.9914094230064546, 0.9916176799478357, 0.9681413285362342, 0.9820503221142173, 0.9805430890653557, 0.9801314047371538, 0.9907875657421636, 0.9905282861225473, 0.991607785678896, 0.9760665583278672, 0.9773831733749828, 0.9875041325728932, 0.983583159104208, 0.9841253210565539, 0.9929763082362083, 0.9886949757137393, 0.9718388361592337, 0.9795668868299052, 0.9839656962132344, 0.9908459200290859, 0.9866952305770843, 0.9895817663233051, 0.9909412865689978, 0.9763962030939431, 0.9761677785650346, 0.9883582609940952, 0.9863644247538949, 0.9900346398378356, 0.9926625513564769, 0.9919779906544955, 0.9553256921806478, 0.9725107256500084, 0.9804777619380417, 0.9923526049070025, 0.9912479533490608, 0.9904453789951099, 0.9880999389265274, 0.9643244117769297, 0.9719640645819695, 0.9889546310379208, 0.988368511237755, 0.9874071486486886, 0.9909860699198733, 0.9913695455455804, 0.9621358083079666, 0.9832564678809107, 0.9837521920830798, 0.9886654028573155, 0.9880997550000621, 0.9931045175437038, 0.9896187806880195, 0.9500208447822314, 0.9764445641512572, 0.9842246180038959, 0.9871684918614281, 0.9912785887834755, 0.9930426490461304, 0.9881050602044273, 0.9706751061020592, 0.9762759310979653, 0.9882048393146994, 0.9904579529025882, 0.986321628223106, 0.9894204167474295, 0.9902679961855602, 0.9817783267372652, 0.975553677081567, 0.9789242851717146, 0.9869483191745437, 0.9895698439780092, 0.9945513010029148, 0.9902509463146187, 0.9766168053176162, 0.9833253720254778, 0.9879889704492804, 0.989818105735149, 0.9878699818939529, 0.9903841036469807, 0.9895259740507378, 0.9742667115961916, 0.9816909470313083, 0.9856185915107188, 0.988078236582405, 0.9902353287875567, 0.9859988127316351, 0.9923172594805306]
CNOT_numses
[64698, 97276, 128584, 160826, 195166, 225200, 258776, 64464, 95540, 129114, 160774, 195826, 226078, 259452, 64656, 96734, 128506, 161784, 195488, 225120, 258108, 65008, 96284, 128616, 160690, 196520, 225442, 258540, 64546, 96370, 128990, 161432, 196676, 225886, 259060, 64220, 97468, 129210, 161984, 195394, 225020, 259262, 64326, 96244, 129658, 161468, 194726, 225160, 259654, 64332, 96178, 128494, 162156, 195666, 225948, 258482, 64738, 96576, 129154, 161638, 194578, 225910, 257480, 64086, 96482, 128862, 161528, 196396, 223950, 257344, 64416, 95926, 128320, 161526, 195694, 225872, 258440, 64502, 96396, 129886, 162224, 195244, 226474, 257264, 64982, 97334, 129512, 160836, 195348, 224802, 257670, 64750, 96638, 128852, 162224, 197382, 226930, 258076, 64890, 95884, 128748, 160762, 197068, 225950, 257704, 64228, 96848, 128916, 161268, 195870, 226720, 257446, 64270, 95474, 129082, 161810, 196198, 225784, 257528, 63944, 95848, 129146, 161682, 195960, 225376, 258944, 64104, 96412, 127950, 161730, 196186, 225798, 257606, 64260, 96448, 129452, 161000, 195592, 225978, 257492]
[38160, 56304, 77422, 95950, 117326, 135170, 153932, 38404, 57462, 76902, 96422, 115440, 134726, 153848, 38540, 57748, 77102, 96404, 117682, 133956, 154066, 38214, 57814, 76930, 96486, 117166, 135096, 154402, 38596, 57528, 77488, 96900, 116788, 134380, 154640, 38516, 57226, 76562, 96096, 115738, 134802, 154232, 38722, 57404, 77290, 95712, 115992, 133820, 153318, 38434, 57732, 76294, 96246, 115810, 135328, 153828, 38384, 57586, 76964, 96198, 117282, 134402, 154828, 38476, 57426, 76588, 96626, 117112, 133736, 153026, 38840, 57336, 76780, 96278, 117238, 134382, 154098, 39006, 57650, 76908, 96226, 117124, 135288, 153706, 38200, 57614, 77438, 95436, 117290, 134090, 153946, 38516, 57102, 76434, 96280, 115960, 134964, 153498, 38838, 58046, 76402, 96804, 116702, 135806, 154870, 38440, 57814, 76982, 97304, 117266, 134790, 153832, 38710, 57662, 76710, 95826, 116348, 134930, 154832, 38416, 57308, 76726, 96680, 117070, 134334, 155202, 38492, 57384, 77382, 96500, 116610, 134570, 153408, 38556, 57300, 76522, 97058, 116448, 135314, 154338]
[39312, 58746, 77276, 96670, 116996, 136086, 156736, 38578, 57894, 78484, 97210, 117912, 134758, 156586, 38304, 57704, 78130, 96974, 118582, 136518, 155692, 39386, 58244, 78372, 97112, 117866, 136082, 155768, 39300, 58068, 77738, 96440, 117648, 135434, 155056, 39308, 58418, 77796, 97150, 116636, 134544, 157018, 38868, 58618, 77872, 97288, 117812, 135386, 155144, 39046, 58452, 77658, 95616, 117866, 134978, 156120, 39072, 57792, 77952, 98028, 118802, 135864, 154956, 38948, 58132, 76676, 98240, 117688, 136080, 154426, 39180, 58740, 77234, 97054, 118146, 135506, 155996, 38522, 57324, 77918, 97456, 117520, 135586, 155738, 38912, 57974, 77630, 97674, 118002, 137128, 155320, 38484, 56948, 77000, 97000, 117128, 134024, 154962, 39536, 58620, 77874, 97492, 118210, 135978, 155088, 38760, 57474, 78454, 96580, 116952, 136890, 156552, 38652, 57842, 78460, 97058, 117140, 136314, 155408, 38740, 58866, 77716, 97148, 117456, 138110, 156608, 38976, 58134, 78644, 97888, 117386, 134324, 155064, 39194, 57518, 78148, 97548, 118134, 136868, 155746]
single_q_numses
[37505, 56530, 74163, 92938, 112240, 130249, 149780, 37185, 55174, 74635, 92916, 113322, 130915, 149638, 37235, 56014, 74347, 93540, 113234, 130131, 149010, 37511, 55554, 74229, 92570, 113954, 130015, 149390, 37031, 55958, 74251, 93378, 113614, 130337, 149470, 37055, 56392, 74561, 93740, 112990, 130077, 149944, 37193, 55666, 74701, 93780, 112280, 130209, 149842, 37067, 55486, 74255, 93620, 112898, 130435, 149672, 37295, 55876, 74997, 93214, 112192, 130363, 148688, 36877, 55718, 74623, 93480, 113842, 129039, 148610, 37343, 55230, 74385, 93246, 113298, 130523, 149366, 37403, 55718, 75329, 93994, 112730, 130839, 148796, 37565, 56048, 75031, 92398, 113342, 129869, 148708, 37543, 55890, 74403, 93768, 114404, 131113, 148752, 37601, 55370, 74607, 92578, 113758, 130593, 148788, 37217, 56188, 74603, 93342, 113646, 130867, 148096, 37445, 55038, 74347, 93242, 114018, 130961, 148450, 36955, 55550, 74621, 93290, 113422, 130459, 149672, 37153, 55804, 73591, 94034, 113238, 130419, 148536, 37473, 55698, 74739, 92720, 112988, 130329, 148846]
[27327, 40512, 55829, 69140, 83950, 97169, 110550, 27437, 41064, 55197, 69488, 82702, 96721, 110286, 27799, 41214, 55393, 69314, 84620, 95827, 110668, 27317, 41448, 55567, 69080, 84306, 96787, 111096, 27519, 41440, 55813, 69616, 84032, 96321, 110956, 27621, 41062, 55015, 68894, 82628, 96567, 110742, 27727, 41424, 55091, 68948, 83590, 96005, 110524, 27667, 41458, 54811, 69140, 82950, 97165, 110450, 27717, 41506, 55175, 69008, 84206, 96809, 111194, 27763, 41364, 54753, 69464, 84258, 96077, 110030, 28005, 41016, 55141, 68890, 84092, 96395, 110758, 27931, 41368, 55151, 68898, 84034, 97125, 110246, 27219, 41312, 55759, 68544, 83844, 96379, 110452, 27749, 41026, 55237, 69040, 82720, 96765, 110222, 27971, 41718, 55067, 69672, 83924, 97689, 111606, 27489, 41636, 55371, 69690, 84574, 97019, 110458, 27879, 41588, 55327, 68632, 83766, 96709, 110600, 27647, 41316, 55011, 69822, 83830, 96009, 111794, 27581, 41308, 55731, 69130, 83592, 96715, 109820, 27579, 41296, 54853, 69684, 83700, 97441, 111082]
[28027, 41982, 55469, 69334, 83046, 96947, 111792, 27495, 41190, 55893, 69288, 84170, 95933, 111982, 27433, 41086, 55763, 69150, 84216, 97371, 111032, 28071, 41576, 55923, 69028, 83716, 97377, 110490, 27883, 41340, 55459, 68488, 83456, 96465, 110256, 28143, 41508, 54987, 69310, 83136, 95899, 112168, 27517, 41998, 55651, 68874, 83874, 96257, 110396, 27833, 41392, 55209, 67930, 84090, 96345, 111238, 28043, 41010, 55571, 69602, 84786, 96821, 110412, 27881, 41372, 54177, 70308, 83706, 96521, 109964, 28101, 42060, 55215, 69220, 83990, 96691, 111340, 27427, 40558, 55599, 69440, 83700, 96845, 111006, 27847, 41124, 55411, 69508, 84094, 97813, 110724, 27427, 40058, 54683, 68884, 83658, 95227, 110206, 28395, 41678, 55475, 69406, 84474, 96701, 110332, 27497, 40524, 55975, 68706, 83102, 97337, 111572, 27473, 41128, 55797, 69152, 83570, 96885, 110430, 27451, 41962, 55257, 69298, 83520, 98287, 111456, 27739, 41412, 56037, 69742, 84114, 95513, 110092, 28077, 40898, 55577, 69572, 83990, 97811, 110848]
non-zero entry for P_0:
75625
non-zero entry for P_1:
515
non-zero entry for P_2:
2680
time
298083.4728357792
