lam_list
 [[0.2, 0.8, 0.0], [0.8, 0.2, 0.0], [0.2, 0.4, 0.4]]
excute_time
 0.785
epsilon_list_1
 ['0.1', '0.067', '0.05', '0.04', '0.033', '0.0286', '0.025']
sampling_time
 20
acc_reses
[0.9477938639511205, 0.9742140562627725, 0.9862749183474571, 0.9850479235143859, 0.9867633742449694, 0.9913435065737359, 0.990977529922782, 0.9175551770342982, 0.9662014281532924, 0.9690702395723664, 0.9807370999735762, 0.9839542525277474, 0.9881261975808764, 0.9909853309309008, 0.9501693711104822, 0.9817583753820773, 0.9713798082759943, 0.9820567977182495, 0.9820042239349027, 0.9840684518342836, 0.9904288888338143, 0.958600274324545, 0.9669177286547174, 0.9829242744814903, 0.9849930506335584, 0.983711366684737, 0.9883449540422747, 0.9860197878455086, 0.9409615973686116, 0.9778216146048114, 0.977772234555466, 0.9801232300415907, 0.978941485100479, 0.9822825007857098, 0.9876328106694637, 0.9576344529564531, 0.9715230573159768, 0.9845678617188072, 0.9848345321051679, 0.985459209224506, 0.9898156053691118, 0.9902910175091221, 0.945615083713814, 0.977945219296373, 0.9718072183132046, 0.9862713091819839, 0.9873296417970823, 0.987340395534326, 0.9897298132169309, 0.9525299027461579, 0.9622725980356007, 0.9776926279529456, 0.9872878688791948, 0.9867858123247167, 0.9850109495158944, 0.9893843843821575, 0.9680094491466815, 0.9729220309312977, 0.9819503822438669, 0.9836263986175035, 0.9881475527472793, 0.989827471318397, 0.9907705544317658, 0.9628232198528626, 0.9656458310086359, 0.9829300043955591, 0.9827614051771437, 0.9871169762248412, 0.9912416719219088, 0.9881611903766692, 0.9717597480627616, 0.9704868409602155, 0.9796037724905391, 0.9831401120272755, 0.9799389282565487, 0.9882241565184494, 0.9896070315774265, 0.9627124816551975, 0.9662372898900221, 0.966243827465025, 0.9746677671109213, 0.9849047801756666, 0.9862509950027901, 0.98513996115365, 0.9533127678673992, 0.962098075996432, 0.9829402485453126, 0.9767493379192677, 0.9828906547775024, 0.9823859178891102, 0.9926011760025784, 0.9340141143033203, 0.9706421400850597, 0.9806933818479706, 0.9849047023681553, 0.9785287895278849, 0.9891969929477575, 0.9859029609869202, 0.901687617724691, 0.9553395116848611, 0.976422815132218, 0.9758052315264867, 0.9788455859253495, 0.9924885871227059, 0.988011753472792, 0.9636548344920198, 0.9766146993847865, 0.9817596269520658, 0.9832870090447141, 0.9894812295688882, 0.990718381270809, 0.9825411019190587, 0.9697030855603543, 0.975189082612352, 0.9839080149528002, 0.9868251954372699, 0.9815044756431592, 0.9864244705066266, 0.9861247083019206, 0.9481671748432741, 0.9724928274676804, 0.9739121957431581, 0.9825274047599318, 0.9874522567359055, 0.9889229253252005, 0.9835934169864289, 0.9660930863401068, 0.9634118042124804, 0.9688340295993263, 0.9797653098337887, 0.9900476699721722, 0.9876373518763941, 0.9930083737625527, 0.9678924463933556, 0.9544794134894556, 0.9805166922723632, 0.9883964387864546, 0.9863535863985767, 0.9923285629529526, 0.9903475546557776]
[0.9749267057711061, 0.9840490813722396, 0.9888171143148601, 0.9864603933011208, 0.9920629403350707, 0.9934395742525136, 0.9946146703389611, 0.9654065933496642, 0.9830575628498149, 0.9840755150221453, 0.9897631734540135, 0.9913062281860945, 0.9933346402915096, 0.9946590132992726, 0.9660050447958337, 0.9886805400451039, 0.9857637304702679, 0.9910889861449165, 0.9938268065473425, 0.9936921665353593, 0.9898227459542827, 0.9751807575697342, 0.9830705083496954, 0.9899567636046307, 0.9900541941174141, 0.9908267524373663, 0.9941992121419683, 0.9955145953498307, 0.9751169747669298, 0.9835416711845033, 0.9831118132329673, 0.9909426959587755, 0.990408100480994, 0.9920509605130928, 0.9941576012321006, 0.9722449929449484, 0.9869326368160768, 0.9895768861091372, 0.9920551739639067, 0.9948973122574439, 0.9934182487014521, 0.9936094756442975, 0.9728174976667723, 0.9853680344806651, 0.9885176163024315, 0.9886510154954533, 0.9921355488608606, 0.9940772811610179, 0.993113565239168, 0.9674710131723341, 0.9818817631608131, 0.9884110711810086, 0.9916885662725891, 0.9897334430274194, 0.9952766699027125, 0.9941407416502857, 0.9764605702054823, 0.9787340514696655, 0.9889002982119255, 0.991670816065834, 0.9900294536105618, 0.9918667038844157, 0.9928448168680141, 0.9698259829902517, 0.9828826436088615, 0.9901512323853439, 0.9889787377309667, 0.9936967549835821, 0.9922502416696959, 0.9926974384970085, 0.9788119527689293, 0.9829496625712448, 0.9867417448275991, 0.9878968406994286, 0.9923642252519109, 0.9945586499757455, 0.9945909991576423, 0.9662027317291986, 0.9788061980289489, 0.9914756940375731, 0.9911740442223779, 0.9897891758588848, 0.9928386993559983, 0.9934272056611516, 0.9798756441465557, 0.9866705087418245, 0.9821377145169097, 0.9917514804380358, 0.9910126559863011, 0.993781917707783, 0.9943711672426785, 0.9694742551366461, 0.9868270973222073, 0.9861909126491084, 0.9908139308076485, 0.9863991070400115, 0.9936530919024638, 0.9930322339057521, 0.9770840662982192, 0.984886017941605, 0.9873269777532918, 0.9907814908364007, 0.9928052515591221, 0.9937453700720956, 0.9936216036325879, 0.9683218644177043, 0.9796749634413924, 0.9890948125691851, 0.9881829029917778, 0.9922154422112075, 0.9924388742405533, 0.9943666974710085, 0.9784316712590327, 0.9843867273288361, 0.9852540551677553, 0.9906464078632884, 0.9921132369207322, 0.9955946069787432, 0.9948662754376305, 0.9800763071282527, 0.9810115375128339, 0.9895155548544702, 0.9926438501688887, 0.9943428845804996, 0.9948159514156927, 0.9945157529305989, 0.9763892144368934, 0.9845359052773549, 0.986852757714294, 0.9927583760783056, 0.9933921218375317, 0.9939077820460884, 0.9932157628829377, 0.9703494824245579, 0.9702029503593029, 0.9796634206892828, 0.9924214995694481, 0.9930554816475492, 0.9946519265664433, 0.9939926198941378]
[0.9571873126137078, 0.9634138583948578, 0.9862499571101419, 0.9823290330204311, 0.9897798783224341, 0.9925912519507726, 0.9896836678844858, 0.9638323992758588, 0.9577366310766982, 0.9803135726470157, 0.9862330124051014, 0.9876655555541961, 0.9888545487025718, 0.9887369040877034, 0.9479514577036298, 0.9823866651485129, 0.9820121147001919, 0.9893396484102834, 0.9891180915906979, 0.9913257550862725, 0.9873609072152189, 0.9528354585942004, 0.9783732667971262, 0.9867244213468086, 0.9768603467983624, 0.9830493855293709, 0.9911229841780229, 0.9912303487806521, 0.9696388342452692, 0.9756828434905612, 0.9852183607375562, 0.9853541380294402, 0.9794680756817158, 0.9844573448280283, 0.9919347421049136, 0.9600186163229457, 0.9832330797359182, 0.9860046209254588, 0.9847444470211419, 0.9841393823039881, 0.9916056367509877, 0.9887515774385501, 0.9704562207831853, 0.9763127115927257, 0.9816951395668123, 0.9827848321669139, 0.9897761219832322, 0.9862745667861346, 0.9898127730664591, 0.9601474249952295, 0.9656919165710263, 0.9821284604163443, 0.9811635255787969, 0.9856997801828357, 0.9893069173724938, 0.9917145708973725, 0.9550595551806726, 0.9710838905916852, 0.9759806654359371, 0.9823780454755373, 0.9845452857581853, 0.9921002118029051, 0.9884301648160994, 0.944884029573342, 0.9724929099706856, 0.9851195639265552, 0.9688478209659336, 0.9841489402154022, 0.989429504974075, 0.9901745135545098, 0.9528745764189908, 0.9784171355481838, 0.9683648789746326, 0.9852698444858606, 0.9871942423219392, 0.9842141177037359, 0.9903056351465106, 0.9680227024139759, 0.9780950263155866, 0.9738238309811684, 0.9811941592308341, 0.9901214588446721, 0.9881328334503932, 0.9921638877913448, 0.9619694980243046, 0.9744061912477392, 0.9720306679760602, 0.9799679833879846, 0.9838914765924938, 0.988886265639643, 0.9899075940295987, 0.9634238748229271, 0.9760320182501713, 0.9833309772836476, 0.9741947738531022, 0.9826764090467117, 0.9895938320720887, 0.9929453357840613, 0.9734190985406502, 0.9771861197461772, 0.9853864497202042, 0.9833879430476522, 0.9816770603954492, 0.9907591572467584, 0.9912431175759115, 0.9746518071754031, 0.9778437196190459, 0.9868656398962496, 0.990361126737278, 0.9827426061491095, 0.9927884416091907, 0.9903302264191748, 0.9618902038793424, 0.9717908665902008, 0.9646617166141903, 0.9882498915596435, 0.9884258739701585, 0.9880903110633367, 0.990637549321712, 0.9618797574371052, 0.9765028709210033, 0.9756010697637485, 0.9855995658752685, 0.9811236938179767, 0.9907776833066443, 0.9892610907979933, 0.9493656338959677, 0.9820609759613104, 0.9819292319202199, 0.9847362124968254, 0.9877036946583906, 0.9890945920395562, 0.9930444154114303, 0.9598346643054716, 0.975377010747788, 0.9737152341474256, 0.9834804473109942, 0.9850857933134334, 0.9875619914453764, 0.9928386495127567]
CNOT_numses
[3812, 5394, 7282, 8928, 10604, 12238, 13836, 3740, 5214, 7324, 9044, 10652, 12516, 14138, 3670, 5664, 7246, 8860, 10980, 12546, 13870, 3484, 5664, 7274, 9276, 11178, 12444, 14382, 3462, 5432, 7214, 8996, 11078, 12570, 14518, 3590, 5478, 7086, 9010, 11004, 12852, 14766, 3472, 5446, 6834, 9000, 10674, 12680, 14440, 3532, 5280, 6954, 8978, 11130, 12642, 14150, 3574, 5210, 7388, 8584, 10686, 12664, 14010, 3744, 5348, 7030, 8736, 10798, 12616, 14062, 3584, 5432, 6950, 8922, 10852, 12438, 14240, 3678, 5150, 7100, 8832, 11048, 12372, 14140, 3796, 5394, 7026, 9066, 10938, 12298, 13814, 3496, 5058, 7278, 8986, 10900, 12596, 14056, 3344, 5390, 7148, 8972, 11032, 12744, 13682, 3560, 5412, 7112, 9186, 10806, 12100, 14614, 3510, 5468, 7306, 8830, 10980, 12298, 14272, 3642, 5550, 7332, 9406, 10886, 12360, 14090, 3560, 5248, 7028, 8734, 10670, 12522, 14176, 3652, 5142, 7150, 8728, 10904, 12862, 14236]
[6672, 10004, 13274, 16630, 20352, 23426, 26552, 6648, 10116, 13316, 16812, 20020, 23254, 26588, 6836, 9802, 13234, 16902, 19836, 23210, 27434, 6640, 9930, 13256, 16626, 20418, 23170, 26770, 6806, 10050, 13232, 16574, 20162, 23624, 26732, 6466, 10198, 13194, 16632, 20234, 23340, 26868, 6400, 10256, 13440, 16970, 20560, 23526, 26552, 6828, 10226, 13576, 16400, 20120, 23526, 26816, 6676, 10176, 13178, 16754, 20212, 23322, 26822, 6874, 10096, 13236, 16334, 20350, 23158, 27020, 6626, 9928, 13176, 16922, 20030, 22922, 26434, 6814, 9642, 13252, 16696, 20450, 23076, 26438, 6658, 9860, 13506, 16962, 20076, 23090, 26896, 6628, 10182, 13210, 16640, 20340, 23312, 26164, 6748, 10112, 13534, 16674, 20690, 23302, 26732, 6708, 9754, 13162, 16638, 20220, 23024, 26670, 6520, 10154, 13670, 16910, 20018, 22956, 26670, 6616, 9964, 12948, 16622, 20174, 23328, 26520, 6502, 9908, 13258, 16578, 20054, 23704, 26814, 6618, 9766, 13522, 16774, 20120, 23178, 26976]
[3554, 5424, 7332, 8948, 11456, 12870, 14342, 3524, 5660, 6974, 9150, 11040, 12538, 14812, 3628, 5272, 7430, 8854, 11248, 12390, 14092, 3514, 5332, 7292, 9268, 10978, 12468, 14364, 3732, 5256, 7282, 9114, 11136, 13064, 14336, 3420, 5248, 7464, 9118, 10836, 12726, 14044, 3576, 5460, 7264, 9208, 10814, 12482, 14600, 3740, 5414, 7220, 9140, 10880, 12416, 14456, 3540, 5238, 6894, 8994, 10686, 12786, 14576, 3636, 5198, 7184, 8758, 10558, 12576, 14464, 3660, 5228, 7250, 8980, 10896, 12660, 14090, 3552, 5588, 7000, 9076, 10892, 12570, 14366, 3438, 5360, 7354, 8548, 10584, 12746, 14406, 3674, 5180, 7248, 9158, 11090, 12636, 14254, 3588, 5340, 7222, 8600, 10770, 12676, 14748, 3590, 5214, 7438, 8898, 11108, 12790, 14282, 3766, 5218, 7286, 9008, 10972, 12064, 14148, 3786, 5306, 7254, 8642, 10940, 12674, 14172, 3424, 5458, 7170, 9262, 10916, 12944, 14654, 3536, 5520, 7150, 9108, 10758, 12550, 13982]
single_q_numses
[2812, 3992, 5373, 6507, 7825, 9028, 10287, 2826, 3756, 5307, 6467, 7685, 9148, 10563, 2690, 4128, 5275, 6519, 8069, 9322, 10157, 2564, 4182, 5369, 6681, 8239, 9238, 10509, 2596, 4006, 5335, 6647, 7949, 9258, 10683, 2670, 3928, 5289, 6589, 8019, 9340, 10741, 2554, 4058, 4987, 6585, 7831, 9394, 10859, 2654, 3780, 5085, 6689, 8127, 9284, 10407, 2650, 3816, 5433, 6351, 7737, 9206, 10457, 2760, 3920, 5189, 6429, 7933, 9312, 10329, 2636, 3958, 5195, 6565, 7877, 9156, 10543, 2630, 3854, 5209, 6467, 8059, 9018, 10365, 2880, 3980, 5091, 6583, 8171, 8920, 10143, 2600, 3808, 5329, 6655, 8037, 9238, 10295, 2396, 3908, 5215, 6629, 8123, 9340, 10117, 2656, 3858, 5185, 6639, 7983, 8834, 10739, 2510, 4022, 5373, 6481, 8155, 9168, 10401, 2678, 4048, 5441, 6855, 7851, 9034, 10343, 2564, 3858, 5123, 6265, 7907, 9184, 10383, 2618, 3746, 5287, 6421, 7963, 9494, 10427]
[3730, 5456, 7271, 9097, 11045, 12704, 14277, 3584, 5412, 7255, 9077, 10981, 12608, 14477, 3728, 5274, 7105, 9203, 10825, 12434, 15073, 3596, 5436, 7157, 8963, 11171, 12492, 14643, 3656, 5464, 7131, 9033, 10879, 12752, 14507, 3532, 5680, 7175, 9065, 11041, 12576, 14731, 3516, 5556, 7279, 9293, 11193, 12890, 14491, 3690, 5582, 7449, 8867, 10997, 12818, 14675, 3604, 5508, 7209, 9137, 10989, 12714, 14541, 3744, 5496, 7245, 8699, 11081, 12658, 14659, 3566, 5422, 7259, 9367, 10843, 12472, 14235, 3752, 5236, 7185, 9055, 11161, 12576, 14395, 3622, 5372, 7365, 9263, 10905, 12548, 14759, 3680, 5578, 7131, 8905, 11143, 12770, 14247, 3652, 5496, 7269, 9037, 11311, 12756, 14543, 3742, 5292, 7267, 9019, 11019, 12554, 14499, 3528, 5468, 7431, 9271, 10823, 12510, 14565, 3576, 5432, 7047, 9103, 11063, 12612, 14529, 3534, 5362, 7107, 8963, 10931, 12872, 14461, 3736, 5314, 7327, 9181, 11135, 12644, 14501]
[2554, 3882, 5379, 6547, 8301, 9478, 10417, 2494, 4164, 5039, 6709, 7981, 9104, 10767, 2600, 3786, 5371, 6425, 8111, 9088, 10311, 2538, 3820, 5317, 6879, 7989, 9196, 10515, 2734, 3822, 5185, 6747, 8167, 9600, 10529, 2538, 3804, 5483, 6631, 7889, 9262, 10183, 2606, 3966, 5271, 6833, 7881, 9172, 10663, 2772, 3850, 5253, 6643, 7937, 8952, 10483, 2588, 3834, 5083, 6547, 7691, 9274, 10689, 2708, 3794, 5267, 6391, 7631, 9142, 10549, 2734, 3768, 5209, 6561, 7957, 9106, 10213, 2598, 4088, 5039, 6619, 7917, 9248, 10461, 2550, 3930, 5465, 6197, 7647, 9208, 10441, 2646, 3846, 5313, 6587, 8085, 9032, 10415, 2598, 3858, 5289, 6301, 7799, 9292, 10591, 2616, 3734, 5401, 6575, 8201, 9418, 10413, 2724, 3888, 5321, 6657, 8141, 8780, 10149, 2770, 3796, 5273, 6235, 7927, 9278, 10333, 2490, 4032, 5213, 6785, 8005, 9506, 10683, 2592, 4022, 5233, 6695, 7807, 9188, 10197]
non-zero entry for P_0:
376996
non-zero entry for P_1:
1194
non-zero entry for P_2:
8377
time
674559.5453732014
