lam_list
 [[0.2, 0.8, 0.0], [0.8, 0.2, 0.0], [0.2, 0.4, 0.4]]
excute_time
 0.785
epsilon_list_1
 ['0.1', '0.067', '0.05', '0.04', '0.033', '0.0286', '0.025']
sampling_time
 20
acc_reses
[0.9644354265720398, 0.9691524448447377, 0.9785608067559923, 0.9865813033606367, 0.9883400364701983, 0.986502510861819, 0.9888726551004394, 0.9585478297678323, 0.9632630855043633, 0.9809386307947501, 0.9924602256979745, 0.9822120890080577, 0.9918567509769985, 0.9899128763632702, 0.9674567293835176, 0.979429845857529, 0.9911576487099392, 0.9864501997635013, 0.9882042894792656, 0.99080080024951, 0.9904578469228391, 0.965353678249653, 0.9776041471871303, 0.9823148555793734, 0.9878716677400597, 0.9836784541500824, 0.986934250703259, 0.9922664665496357, 0.9662660795139757, 0.9886931486309359, 0.9844307720771953, 0.9893042359831957, 0.984275259242932, 0.9920826312009717, 0.9904490575744053, 0.9739707114934499, 0.9771392844489759, 0.9845363970353267, 0.9849970541168065, 0.9904974885763846, 0.983382536563242, 0.9915568232935985, 0.9700599697694484, 0.9684870020377248, 0.9828857434558942, 0.9901668295672663, 0.9845324724127318, 0.9850084578543414, 0.99181472053563, 0.9489459548754479, 0.9799319809853386, 0.9804429103895803, 0.9880896745361898, 0.9856062368082498, 0.983961463438193, 0.988618094096086, 0.9611232228177168, 0.9840878399470457, 0.9815274524243561, 0.9746660641094799, 0.9850661843737607, 0.990174557140764, 0.9905298127020211, 0.9581301067943128, 0.9646088439121282, 0.9889222077090049, 0.9872759786630361, 0.9855993634543256, 0.984928341042152, 0.9935666102073727, 0.960804714084806, 0.9780393105464534, 0.9788668307840178, 0.9875562680679405, 0.9900408479131295, 0.9920856400852509, 0.9926824655019031, 0.9540909936350186, 0.9750227120392208, 0.9833970321663342, 0.9782255913745675, 0.9912237280261996, 0.9875817103137101, 0.9860791810064772, 0.978304183460283, 0.9756544026015975, 0.9771609648933466, 0.9825741603494693, 0.9898513645583624, 0.9887905055732861, 0.9899568305354881, 0.9318570721999939, 0.979540539708051, 0.986667274167601, 0.9860235662955674, 0.982746560167852, 0.9910146169547736, 0.9876927349003541, 0.9562277446081551, 0.979958559322684, 0.9648524095920061, 0.9785469940569815, 0.9844476705292529, 0.9933278539614984, 0.9896794438926638, 0.9698082367291243, 0.9596066888426911, 0.9818794850397203, 0.9775416864722669, 0.9912613591870576, 0.985377363725012, 0.9938248326238006, 0.9633133686715645, 0.9760741364574473, 0.9857094082875147, 0.9869916078140436, 0.9790489612938154, 0.9895813693711009, 0.9944392900110168, 0.9719263083051081, 0.9788010713135233, 0.9739922278051445, 0.9835168439674067, 0.9852885867328467, 0.9890188518378829, 0.9926776265319094, 0.9703916507674465, 0.980007358870389, 0.9808627956170317, 0.9869994418914818, 0.9902085309301326, 0.9878167303465585, 0.9909760157640877, 0.9712917784779035, 0.9529598396137967, 0.9827502458049943, 0.9727957632623436, 0.9838459046618975, 0.9878173861282443, 0.9907281419879033]
[0.9730213479593837, 0.9778516698469341, 0.9890209171517786, 0.9938918712053683, 0.9905308322860539, 0.9903017754521636, 0.9959645636105648, 0.9830640627979645, 0.9822182616883075, 0.9869613365296777, 0.9914573701752647, 0.9902711736253663, 0.995103384764011, 0.9946466719984235, 0.9757568017611663, 0.987635408706185, 0.9880907065967331, 0.988048278209107, 0.9950092780185816, 0.9936105381049668, 0.9952134539519392, 0.9744772343821495, 0.9871229714330092, 0.9832216563605682, 0.9910027126979369, 0.9890324089822118, 0.9901354689074218, 0.9908553772146137, 0.9748633821455537, 0.9885222750948645, 0.9880573619628097, 0.9894881353079209, 0.9917946374755505, 0.99442898085572, 0.994025780653946, 0.9801035887604272, 0.9803333443830772, 0.9889276843480721, 0.9922867681515094, 0.9900059178299273, 0.9922788733668475, 0.9930939429567303, 0.9803531114431915, 0.9864501634115537, 0.9919179287985679, 0.9895366473093951, 0.9907715435788265, 0.9945266878335147, 0.9945270515203298, 0.9773013892704823, 0.9875592933461699, 0.98684834387489, 0.9880942402991838, 0.9895537410186825, 0.9925680594607512, 0.994798715601205, 0.9779376655555794, 0.9849530412701686, 0.9875195808905166, 0.991214001933016, 0.9917436339398349, 0.9917206409218398, 0.9954187291294658, 0.9761131732443689, 0.985135774917427, 0.987505929991386, 0.9891412145718179, 0.9941864914683047, 0.9942261766832772, 0.9920579056200456, 0.979395729324129, 0.9863080013245723, 0.9866902092514216, 0.9933261285987496, 0.9915031845758409, 0.9911535443044018, 0.9940987102135672, 0.9763861000469434, 0.984008916520546, 0.9914948672602835, 0.9885605907872557, 0.9896354305808953, 0.9941453097945069, 0.9944628493542927, 0.9761500283638508, 0.9835320151769872, 0.9859432046735301, 0.9876644598409062, 0.9923960775610294, 0.9915706708697639, 0.9955801751424461, 0.9698874467680522, 0.9784676376681516, 0.9831838256313864, 0.9916527765457221, 0.990427744618952, 0.9933260220477826, 0.9950790183148548, 0.9841098083932698, 0.9815731394555567, 0.9930336576470208, 0.9892209756976829, 0.9900473597835017, 0.9932009164424648, 0.9945554524840436, 0.9755588194681121, 0.9840520046203834, 0.9842476293307263, 0.9892679661671544, 0.9953575709381934, 0.9930716082702147, 0.9944497674107874, 0.9722435555292771, 0.9784439089462, 0.9816224161756057, 0.9875563955807569, 0.9895349953043198, 0.9930548665513205, 0.9950985982092164, 0.9677391259531367, 0.9779985181270089, 0.9851849531497516, 0.9910401354958517, 0.9891308004526228, 0.9913284402389674, 0.9950528419129152, 0.9735409791751538, 0.9886550569672595, 0.9895777045890882, 0.9905403243220078, 0.9843792826055496, 0.9938660574494561, 0.9940275350201648, 0.9736658157932452, 0.9881710029312848, 0.9878327523137744, 0.988699911349637, 0.9941439627846932, 0.9936223691390742, 0.9950377107004201]
[0.9700805229802962, 0.9750118334209731, 0.9756937153707095, 0.9772042335631759, 0.9909552959318186, 0.9910460953856194, 0.9916240001891398, 0.965837034016742, 0.9751565239988738, 0.984763142800732, 0.9810154368427325, 0.9915044561508921, 0.9921519512420862, 0.9936168031451783, 0.9745005555409602, 0.9814746347224196, 0.9737471271485345, 0.9873412438907151, 0.9914490770898964, 0.9886560762961586, 0.9936156779719142, 0.9633629939449152, 0.9677462117651265, 0.9798557458538789, 0.9791075356078587, 0.9876819867039466, 0.9919785049500719, 0.9885999508427163, 0.9765419093427237, 0.9763107355917997, 0.9783525914480712, 0.9888608028889024, 0.9900114069005304, 0.9908270447493837, 0.9930944642452134, 0.9725851368573567, 0.9836585895316143, 0.9849578489473173, 0.9844323746875312, 0.9891069882421661, 0.9906824037634736, 0.9912481553969644, 0.9704534746159716, 0.9795959471371092, 0.9804649350071402, 0.9825681221763499, 0.9906038671169718, 0.9909980794978007, 0.9954516261411026, 0.9763399940883144, 0.9811592266125049, 0.980945611440715, 0.9886763453225018, 0.9926922752591875, 0.9917096925548197, 0.9933320450777771, 0.9663590983516885, 0.9767205898112113, 0.9887453758997095, 0.9878769647474758, 0.9903484180810219, 0.9915731295353697, 0.991624455842789, 0.9736764950614147, 0.9817741652066059, 0.9826739192418096, 0.9899157701578437, 0.9855211330212854, 0.9916063880574326, 0.9894181318215197, 0.9503837238092089, 0.9704905205506632, 0.977046397779959, 0.9876793736970719, 0.9908715721715972, 0.9902863977901188, 0.9932859842565955, 0.968878449070028, 0.9693460861584243, 0.9873892733645562, 0.9894082748255698, 0.9831802650145566, 0.9916268991121439, 0.9863827676919655, 0.9673237166896111, 0.9734146602441107, 0.9852912099860309, 0.9874413410205659, 0.9831195374864679, 0.9931237142763112, 0.9895821524551087, 0.9754998172561555, 0.9807710454492922, 0.9794254773616172, 0.9877914210429808, 0.9871012265807594, 0.9913378060861563, 0.9898101125925287, 0.9705944580960535, 0.9815432978063454, 0.9881983551286787, 0.9808395134221739, 0.9875498782724039, 0.9899359410869168, 0.9908207873824812, 0.9694020045670247, 0.9838972360443263, 0.9857239669220998, 0.9902273477051204, 0.9879006057839884, 0.9899555767217098, 0.9925967626336016, 0.9618785387734999, 0.9714763740489512, 0.9849316698492953, 0.9844435619619488, 0.9868903672553404, 0.9889015284583783, 0.9929180109441335, 0.971092682791161, 0.9697283487207274, 0.9772568470103606, 0.9861176051790937, 0.9897924778196594, 0.9863919030717223, 0.9934181794864138, 0.9670331115803801, 0.9805009045416052, 0.9808342256119036, 0.987933065925949, 0.9887966935076834, 0.9889689364758392, 0.9904557173680856, 0.9690098169530708, 0.9763835430375338, 0.9854807364811992, 0.9866621616045459, 0.9932037085408782, 0.9919640155850715, 0.9924306359448115]
CNOT_numses
[1882, 2714, 3718, 4348, 5252, 6246, 7134, 1552, 2610, 3824, 4266, 5444, 6204, 7428, 1800, 2810, 3552, 4334, 5250, 6414, 7024, 1880, 2694, 3644, 4710, 5386, 5918, 7348, 1890, 2592, 3650, 4162, 5644, 6316, 7434, 1826, 2526, 3778, 4570, 5464, 6654, 6998, 1866, 2598, 3690, 4414, 5392, 6264, 7130, 1712, 2540, 3416, 4794, 5312, 6394, 6782, 1738, 2662, 3572, 4700, 5392, 6428, 7060, 1754, 2690, 3488, 4594, 5376, 6358, 7500, 1638, 2754, 3542, 4460, 5308, 5860, 7200, 1902, 2812, 3510, 4504, 5466, 6412, 7362, 1766, 2784, 3618, 4304, 5482, 6240, 7272, 1786, 2664, 3694, 4374, 5480, 6272, 7402, 1704, 2612, 3444, 4714, 5792, 6468, 7506, 1926, 2584, 3564, 4612, 5552, 6240, 7134, 1768, 2644, 3588, 4510, 5220, 6082, 7262, 1856, 2628, 3702, 4448, 5722, 6066, 7062, 1794, 2466, 3700, 4424, 5584, 6500, 7150, 1834, 2746, 3636, 4366, 5494, 6300, 7026]
[3412, 4708, 6158, 8102, 9636, 11070, 12576, 3220, 4634, 6532, 7800, 9688, 11284, 12598, 3274, 4728, 6442, 8104, 9856, 11020, 12476, 3208, 4788, 6366, 7824, 9918, 11130, 12678, 3310, 4612, 6410, 7906, 9684, 10932, 12934, 3202, 4802, 6490, 7996, 9332, 11476, 13130, 3222, 4562, 6228, 8082, 9362, 11018, 12710, 3206, 4824, 6492, 7922, 10030, 11200, 12790, 3294, 4682, 6528, 7886, 9324, 11042, 12876, 3316, 4724, 6422, 7658, 9538, 11180, 12670, 3222, 4730, 6338, 7824, 9772, 11084, 12710, 3158, 4964, 6252, 7948, 9800, 11112, 12656, 3186, 4548, 6518, 7952, 9758, 11046, 12500, 3372, 4674, 6354, 7936, 9842, 11110, 12608, 3184, 4668, 6404, 8062, 9490, 11682, 12538, 3170, 4846, 6344, 7994, 9604, 10994, 13100, 3176, 4478, 6358, 8076, 10030, 10900, 12746, 3214, 4844, 6340, 7902, 9042, 11330, 12540, 3142, 4762, 6370, 7940, 9560, 11078, 13020, 3134, 4752, 6150, 7994, 9684, 11194, 12680]
[1902, 2610, 3670, 4510, 5488, 6822, 7574, 1812, 2932, 3416, 4538, 5710, 6388, 7188, 1754, 2482, 3846, 4228, 5400, 6528, 7020, 1910, 2644, 3422, 4762, 5584, 6366, 7238, 1804, 2648, 3496, 4684, 5746, 6300, 7126, 1820, 2716, 3578, 4380, 5300, 6326, 7332, 1776, 2836, 3858, 4840, 5500, 6202, 7128, 1656, 2500, 3464, 4578, 5390, 6286, 7052, 1912, 2598, 3578, 4696, 5696, 6274, 7062, 1644, 2656, 3710, 4732, 5630, 6424, 7180, 2078, 2560, 3570, 4820, 5634, 6466, 7388, 1836, 2844, 3664, 4272, 5548, 6278, 7144, 1740, 2510, 3486, 4466, 5522, 6448, 7384, 1784, 2850, 3924, 4546, 5558, 6330, 7142, 1738, 2604, 3702, 4494, 5574, 6130, 7172, 1848, 2698, 3462, 4568, 5290, 6382, 7432, 1868, 2682, 3492, 4862, 5202, 6176, 7188, 1930, 2876, 3706, 4472, 5412, 6172, 7172, 1818, 2558, 3584, 4392, 5260, 6542, 7064, 1990, 2778, 3632, 4644, 5794, 6476, 7144]
single_q_numses
[1459, 2039, 2826, 3275, 3956, 4757, 5342, 1163, 2039, 2898, 3163, 4128, 4631, 5660, 1329, 2147, 2690, 3249, 3808, 4821, 5270, 1455, 2017, 2672, 3527, 4058, 4363, 5482, 1443, 1947, 2746, 3115, 4216, 4815, 5470, 1337, 1925, 2872, 3425, 4104, 5069, 5310, 1371, 1959, 2742, 3271, 4028, 4677, 5282, 1299, 1859, 2566, 3543, 4098, 4783, 5104, 1327, 2009, 2608, 3523, 4012, 4929, 5394, 1311, 2045, 2632, 3489, 4016, 4895, 5666, 1227, 2045, 2678, 3337, 3984, 4357, 5382, 1425, 2139, 2548, 3415, 4148, 4875, 5476, 1281, 2017, 2774, 3229, 4026, 4699, 5520, 1353, 2063, 2832, 3311, 4068, 4689, 5588, 1259, 1951, 2578, 3509, 4290, 4829, 5698, 1465, 1893, 2714, 3463, 4080, 4731, 5424, 1297, 1925, 2664, 3443, 3898, 4467, 5426, 1419, 1961, 2752, 3339, 4268, 4661, 5242, 1313, 1819, 2748, 3345, 4210, 4785, 5400, 1379, 2065, 2782, 3339, 4158, 4749, 5300]
[1919, 2637, 3446, 4501, 5426, 6217, 7062, 1823, 2577, 3660, 4383, 5496, 6351, 7100, 1835, 2663, 3534, 4591, 5566, 6267, 6922, 1777, 2685, 3632, 4333, 5556, 6187, 7058, 1891, 2625, 3530, 4389, 5458, 6115, 7298, 1773, 2711, 3686, 4453, 5238, 6515, 7448, 1785, 2563, 3432, 4507, 5262, 6245, 7158, 1815, 2733, 3616, 4437, 5670, 6285, 7098, 1863, 2685, 3682, 4451, 5238, 6195, 7248, 1875, 2649, 3580, 4279, 5374, 6221, 7084, 1785, 2645, 3450, 4447, 5596, 6223, 7070, 1769, 2789, 3496, 4467, 5522, 6173, 7162, 1813, 2501, 3652, 4441, 5438, 6273, 7058, 1877, 2647, 3480, 4415, 5512, 6143, 7170, 1757, 2663, 3646, 4473, 5302, 6629, 7058, 1765, 2691, 3536, 4457, 5480, 6039, 7366, 1787, 2539, 3542, 4577, 5674, 6137, 7154, 1843, 2725, 3584, 4403, 5068, 6355, 6972, 1751, 2629, 3570, 4473, 5384, 6147, 7344, 1801, 2693, 3448, 4523, 5382, 6311, 7122]
[1421, 1927, 2760, 3347, 4118, 5137, 5670, 1303, 2209, 2490, 3361, 4186, 4671, 5268, 1257, 1797, 2786, 3069, 4038, 4805, 5136, 1391, 1979, 2472, 3629, 4132, 4799, 5322, 1333, 2001, 2576, 3533, 4252, 4673, 5278, 1289, 1971, 2650, 3191, 4082, 4647, 5372, 1309, 2117, 2882, 3661, 4026, 4553, 5240, 1245, 1849, 2572, 3397, 3996, 4673, 5140, 1373, 1857, 2654, 3539, 4132, 4699, 5302, 1197, 1981, 2790, 3511, 4070, 4733, 5314, 1573, 1895, 2646, 3555, 4224, 4763, 5472, 1371, 2177, 2704, 3157, 4124, 4513, 5212, 1265, 1849, 2550, 3297, 4096, 4891, 5544, 1305, 2147, 2976, 3383, 4100, 4715, 5254, 1249, 1921, 2778, 3325, 4132, 4493, 5300, 1329, 1979, 2548, 3321, 3884, 4777, 5522, 1331, 1943, 2586, 3579, 3858, 4563, 5432, 1425, 2097, 2832, 3349, 4010, 4629, 5448, 1369, 1925, 2692, 3189, 3952, 4817, 5224, 1491, 2051, 2686, 3443, 4386, 4781, 5416]
non-zero entry for P_0:
75625
non-zero entry for P_1:
526
non-zero entry for P_2:
2921
time
13755.496670722961
lam_list
 [[0.2, 0.8, 0.0], [0.8, 0.2, 0.0], [0.2, 0.4, 0.4]]
excute_time
 0.785
epsilon_list_1
 ['0.1', '0.067', '0.05', '0.04', '0.033', '0.0286', '0.025']
sampling_time
 20
acc_reses
[0.9644354265720398, 0.9691524448447377, 0.9785608067559923, 0.9865813033606367, 0.9883400364701983, 0.986502510861819, 0.9888726551004394, 0.9585478297678323, 0.9632630855043633, 0.9809386307947501, 0.9924602256979745, 0.9822120890080577, 0.9918567509769985, 0.9899128763632702, 0.9674567293835176, 0.979429845857529, 0.9911576487099392, 0.9864501997635013, 0.9882042894792656, 0.99080080024951, 0.9904578469228391, 0.965353678249653, 0.9776041471871303, 0.9823148555793734, 0.9878716677400597, 0.9836784541500824, 0.986934250703259, 0.9922664665496357, 0.9662660795139757, 0.9886931486309359, 0.9844307720771953, 0.9893042359831957, 0.984275259242932, 0.9920826312009717, 0.9904490575744053, 0.9739707114934499, 0.9771392844489759, 0.9845363970353267, 0.9849970541168065, 0.9904974885763846, 0.983382536563242, 0.9915568232935985, 0.9700599697694484, 0.9684870020377248, 0.9828857434558942, 0.9901668295672663, 0.9845324724127318, 0.9850084578543414, 0.99181472053563, 0.9489459548754479, 0.9799319809853386, 0.9804429103895803, 0.9880896745361898, 0.9856062368082498, 0.983961463438193, 0.988618094096086, 0.9611232228177168, 0.9840878399470457, 0.9815274524243561, 0.9746660641094799, 0.9850661843737607, 0.990174557140764, 0.9905298127020211, 0.9581301067943128, 0.9646088439121282, 0.9889222077090049, 0.9872759786630361, 0.9855993634543256, 0.984928341042152, 0.9935666102073727, 0.960804714084806, 0.9780393105464534, 0.9788668307840178, 0.9875562680679405, 0.9900408479131295, 0.9920856400852509, 0.9926824655019031, 0.9540909936350186, 0.9750227120392208, 0.9833970321663342, 0.9782255913745675, 0.9912237280261996, 0.9875817103137101, 0.9860791810064772, 0.978304183460283, 0.9756544026015975, 0.9771609648933466, 0.9825741603494693, 0.9898513645583624, 0.9887905055732861, 0.9899568305354881, 0.9318570721999939, 0.979540539708051, 0.986667274167601, 0.9860235662955674, 0.982746560167852, 0.9910146169547736, 0.9876927349003541, 0.9562277446081551, 0.979958559322684, 0.9648524095920061, 0.9785469940569815, 0.9844476705292529, 0.9933278539614984, 0.9896794438926638, 0.9698082367291243, 0.9596066888426911, 0.9818794850397203, 0.9775416864722669, 0.9912613591870576, 0.985377363725012, 0.9938248326238006, 0.9633133686715645, 0.9760741364574473, 0.9857094082875147, 0.9869916078140436, 0.9790489612938154, 0.9895813693711009, 0.9944392900110168, 0.9719263083051081, 0.9788010713135233, 0.9739922278051445, 0.9835168439674067, 0.9852885867328467, 0.9890188518378829, 0.9926776265319094, 0.9703916507674465, 0.980007358870389, 0.9808627956170317, 0.9869994418914818, 0.9902085309301326, 0.9878167303465585, 0.9909760157640877, 0.9712917784779035, 0.9529598396137967, 0.9827502458049943, 0.9727957632623436, 0.9838459046618975, 0.9878173861282443, 0.9907281419879033]
[0.9730213479593837, 0.9778516698469341, 0.9890209171517786, 0.9938918712053683, 0.9905308322860539, 0.9903017754521636, 0.9959645636105648, 0.9830640627979645, 0.9822182616883075, 0.9869613365296777, 0.9914573701752647, 0.9902711736253663, 0.995103384764011, 0.9946466719984235, 0.9757568017611663, 0.987635408706185, 0.9880907065967331, 0.988048278209107, 0.9950092780185816, 0.9936105381049668, 0.9952134539519392, 0.9744772343821495, 0.9871229714330092, 0.9832216563605682, 0.9910027126979369, 0.9890324089822118, 0.9901354689074218, 0.9908553772146137, 0.9748633821455537, 0.9885222750948645, 0.9880573619628097, 0.9894881353079209, 0.9917946374755505, 0.99442898085572, 0.994025780653946, 0.9801035887604272, 0.9803333443830772, 0.9889276843480721, 0.9922867681515094, 0.9900059178299273, 0.9922788733668475, 0.9930939429567303, 0.9803531114431915, 0.9864501634115537, 0.9919179287985679, 0.9895366473093951, 0.9907715435788265, 0.9945266878335147, 0.9945270515203298, 0.9773013892704823, 0.9875592933461699, 0.98684834387489, 0.9880942402991838, 0.9895537410186825, 0.9925680594607512, 0.994798715601205, 0.9779376655555794, 0.9849530412701686, 0.9875195808905166, 0.991214001933016, 0.9917436339398349, 0.9917206409218398, 0.9954187291294658, 0.9761131732443689, 0.985135774917427, 0.987505929991386, 0.9891412145718179, 0.9941864914683047, 0.9942261766832772, 0.9920579056200456, 0.979395729324129, 0.9863080013245723, 0.9866902092514216, 0.9933261285987496, 0.9915031845758409, 0.9911535443044018, 0.9940987102135672, 0.9763861000469434, 0.984008916520546, 0.9914948672602835, 0.9885605907872557, 0.9896354305808953, 0.9941453097945069, 0.9944628493542927, 0.9761500283638508, 0.9835320151769872, 0.9859432046735301, 0.9876644598409062, 0.9923960775610294, 0.9915706708697639, 0.9955801751424461, 0.9698874467680522, 0.9784676376681516, 0.9831838256313864, 0.9916527765457221, 0.990427744618952, 0.9933260220477826, 0.9950790183148548, 0.9841098083932698, 0.9815731394555567, 0.9930336576470208, 0.9892209756976829, 0.9900473597835017, 0.9932009164424648, 0.9945554524840436, 0.9755588194681121, 0.9840520046203834, 0.9842476293307263, 0.9892679661671544, 0.9953575709381934, 0.9930716082702147, 0.9944497674107874, 0.9722435555292771, 0.9784439089462, 0.9816224161756057, 0.9875563955807569, 0.9895349953043198, 0.9930548665513205, 0.9950985982092164, 0.9677391259531367, 0.9779985181270089, 0.9851849531497516, 0.9910401354958517, 0.9891308004526228, 0.9913284402389674, 0.9950528419129152, 0.9735409791751538, 0.9886550569672595, 0.9895777045890882, 0.9905403243220078, 0.9843792826055496, 0.9938660574494561, 0.9940275350201648, 0.9736658157932452, 0.9881710029312848, 0.9878327523137744, 0.988699911349637, 0.9941439627846932, 0.9936223691390742, 0.9950377107004201]
[0.9700805229802962, 0.9750118334209731, 0.9756937153707095, 0.9772042335631759, 0.9909552959318186, 0.9910460953856194, 0.9916240001891398, 0.965837034016742, 0.9751565239988738, 0.984763142800732, 0.9810154368427325, 0.9915044561508921, 0.9921519512420862, 0.9936168031451783, 0.9745005555409602, 0.9814746347224196, 0.9737471271485345, 0.9873412438907151, 0.9914490770898964, 0.9886560762961586, 0.9936156779719142, 0.9633629939449152, 0.9677462117651265, 0.9798557458538789, 0.9791075356078587, 0.9876819867039466, 0.9919785049500719, 0.9885999508427163, 0.9765419093427237, 0.9763107355917997, 0.9783525914480712, 0.9888608028889024, 0.9900114069005304, 0.9908270447493837, 0.9930944642452134, 0.9725851368573567, 0.9836585895316143, 0.9849578489473173, 0.9844323746875312, 0.9891069882421661, 0.9906824037634736, 0.9912481553969644, 0.9704534746159716, 0.9795959471371092, 0.9804649350071402, 0.9825681221763499, 0.9906038671169718, 0.9909980794978007, 0.9954516261411026, 0.9763399940883144, 0.9811592266125049, 0.980945611440715, 0.9886763453225018, 0.9926922752591875, 0.9917096925548197, 0.9933320450777771, 0.9663590983516885, 0.9767205898112113, 0.9887453758997095, 0.9878769647474758, 0.9903484180810219, 0.9915731295353697, 0.991624455842789, 0.9736764950614147, 0.9817741652066059, 0.9826739192418096, 0.9899157701578437, 0.9855211330212854, 0.9916063880574326, 0.9894181318215197, 0.9503837238092089, 0.9704905205506632, 0.977046397779959, 0.9876793736970719, 0.9908715721715972, 0.9902863977901188, 0.9932859842565955, 0.968878449070028, 0.9693460861584243, 0.9873892733645562, 0.9894082748255698, 0.9831802650145566, 0.9916268991121439, 0.9863827676919655, 0.9673237166896111, 0.9734146602441107, 0.9852912099860309, 0.9874413410205659, 0.9831195374864679, 0.9931237142763112, 0.9895821524551087, 0.9754998172561555, 0.9807710454492922, 0.9794254773616172, 0.9877914210429808, 0.9871012265807594, 0.9913378060861563, 0.9898101125925287, 0.9705944580960535, 0.9815432978063454, 0.9881983551286787, 0.9808395134221739, 0.9875498782724039, 0.9899359410869168, 0.9908207873824812, 0.9694020045670247, 0.9838972360443263, 0.9857239669220998, 0.9902273477051204, 0.9879006057839884, 0.9899555767217098, 0.9925967626336016, 0.9618785387734999, 0.9714763740489512, 0.9849316698492953, 0.9844435619619488, 0.9868903672553404, 0.9889015284583783, 0.9929180109441335, 0.971092682791161, 0.9697283487207274, 0.9772568470103606, 0.9861176051790937, 0.9897924778196594, 0.9863919030717223, 0.9934181794864138, 0.9670331115803801, 0.9805009045416052, 0.9808342256119036, 0.987933065925949, 0.9887966935076834, 0.9889689364758392, 0.9904557173680856, 0.9690098169530708, 0.9763835430375338, 0.9854807364811992, 0.9866621616045459, 0.9932037085408782, 0.9919640155850715, 0.9924306359448115]
CNOT_numses
[1882, 2714, 3718, 4348, 5252, 6246, 7134, 1552, 2610, 3824, 4266, 5444, 6204, 7428, 1800, 2810, 3552, 4334, 5250, 6414, 7024, 1880, 2694, 3644, 4710, 5386, 5918, 7348, 1890, 2592, 3650, 4162, 5644, 6316, 7434, 1826, 2526, 3778, 4570, 5464, 6654, 6998, 1866, 2598, 3690, 4414, 5392, 6264, 7130, 1712, 2540, 3416, 4794, 5312, 6394, 6782, 1738, 2662, 3572, 4700, 5392, 6428, 7060, 1754, 2690, 3488, 4594, 5376, 6358, 7500, 1638, 2754, 3542, 4460, 5308, 5860, 7200, 1902, 2812, 3510, 4504, 5466, 6412, 7362, 1766, 2784, 3618, 4304, 5482, 6240, 7272, 1786, 2664, 3694, 4374, 5480, 6272, 7402, 1704, 2612, 3444, 4714, 5792, 6468, 7506, 1926, 2584, 3564, 4612, 5552, 6240, 7134, 1768, 2644, 3588, 4510, 5220, 6082, 7262, 1856, 2628, 3702, 4448, 5722, 6066, 7062, 1794, 2466, 3700, 4424, 5584, 6500, 7150, 1834, 2746, 3636, 4366, 5494, 6300, 7026]
[3412, 4708, 6158, 8102, 9636, 11070, 12576, 3220, 4634, 6532, 7800, 9688, 11284, 12598, 3274, 4728, 6442, 8104, 9856, 11020, 12476, 3208, 4788, 6366, 7824, 9918, 11130, 12678, 3310, 4612, 6410, 7906, 9684, 10932, 12934, 3202, 4802, 6490, 7996, 9332, 11476, 13130, 3222, 4562, 6228, 8082, 9362, 11018, 12710, 3206, 4824, 6492, 7922, 10030, 11200, 12790, 3294, 4682, 6528, 7886, 9324, 11042, 12876, 3316, 4724, 6422, 7658, 9538, 11180, 12670, 3222, 4730, 6338, 7824, 9772, 11084, 12710, 3158, 4964, 6252, 7948, 9800, 11112, 12656, 3186, 4548, 6518, 7952, 9758, 11046, 12500, 3372, 4674, 6354, 7936, 9842, 11110, 12608, 3184, 4668, 6404, 8062, 9490, 11682, 12538, 3170, 4846, 6344, 7994, 9604, 10994, 13100, 3176, 4478, 6358, 8076, 10030, 10900, 12746, 3214, 4844, 6340, 7902, 9042, 11330, 12540, 3142, 4762, 6370, 7940, 9560, 11078, 13020, 3134, 4752, 6150, 7994, 9684, 11194, 12680]
[1902, 2610, 3670, 4510, 5488, 6822, 7574, 1812, 2932, 3416, 4538, 5710, 6388, 7188, 1754, 2482, 3846, 4228, 5400, 6528, 7020, 1910, 2644, 3422, 4762, 5584, 6366, 7238, 1804, 2648, 3496, 4684, 5746, 6300, 7126, 1820, 2716, 3578, 4380, 5300, 6326, 7332, 1776, 2836, 3858, 4840, 5500, 6202, 7128, 1656, 2500, 3464, 4578, 5390, 6286, 7052, 1912, 2598, 3578, 4696, 5696, 6274, 7062, 1644, 2656, 3710, 4732, 5630, 6424, 7180, 2078, 2560, 3570, 4820, 5634, 6466, 7388, 1836, 2844, 3664, 4272, 5548, 6278, 7144, 1740, 2510, 3486, 4466, 5522, 6448, 7384, 1784, 2850, 3924, 4546, 5558, 6330, 7142, 1738, 2604, 3702, 4494, 5574, 6130, 7172, 1848, 2698, 3462, 4568, 5290, 6382, 7432, 1868, 2682, 3492, 4862, 5202, 6176, 7188, 1930, 2876, 3706, 4472, 5412, 6172, 7172, 1818, 2558, 3584, 4392, 5260, 6542, 7064, 1990, 2778, 3632, 4644, 5794, 6476, 7144]
single_q_numses
[1459, 2039, 2826, 3275, 3956, 4757, 5342, 1163, 2039, 2898, 3163, 4128, 4631, 5660, 1329, 2147, 2690, 3249, 3808, 4821, 5270, 1455, 2017, 2672, 3527, 4058, 4363, 5482, 1443, 1947, 2746, 3115, 4216, 4815, 5470, 1337, 1925, 2872, 3425, 4104, 5069, 5310, 1371, 1959, 2742, 3271, 4028, 4677, 5282, 1299, 1859, 2566, 3543, 4098, 4783, 5104, 1327, 2009, 2608, 3523, 4012, 4929, 5394, 1311, 2045, 2632, 3489, 4016, 4895, 5666, 1227, 2045, 2678, 3337, 3984, 4357, 5382, 1425, 2139, 2548, 3415, 4148, 4875, 5476, 1281, 2017, 2774, 3229, 4026, 4699, 5520, 1353, 2063, 2832, 3311, 4068, 4689, 5588, 1259, 1951, 2578, 3509, 4290, 4829, 5698, 1465, 1893, 2714, 3463, 4080, 4731, 5424, 1297, 1925, 2664, 3443, 3898, 4467, 5426, 1419, 1961, 2752, 3339, 4268, 4661, 5242, 1313, 1819, 2748, 3345, 4210, 4785, 5400, 1379, 2065, 2782, 3339, 4158, 4749, 5300]
[1919, 2637, 3446, 4501, 5426, 6217, 7062, 1823, 2577, 3660, 4383, 5496, 6351, 7100, 1835, 2663, 3534, 4591, 5566, 6267, 6922, 1777, 2685, 3632, 4333, 5556, 6187, 7058, 1891, 2625, 3530, 4389, 5458, 6115, 7298, 1773, 2711, 3686, 4453, 5238, 6515, 7448, 1785, 2563, 3432, 4507, 5262, 6245, 7158, 1815, 2733, 3616, 4437, 5670, 6285, 7098, 1863, 2685, 3682, 4451, 5238, 6195, 7248, 1875, 2649, 3580, 4279, 5374, 6221, 7084, 1785, 2645, 3450, 4447, 5596, 6223, 7070, 1769, 2789, 3496, 4467, 5522, 6173, 7162, 1813, 2501, 3652, 4441, 5438, 6273, 7058, 1877, 2647, 3480, 4415, 5512, 6143, 7170, 1757, 2663, 3646, 4473, 5302, 6629, 7058, 1765, 2691, 3536, 4457, 5480, 6039, 7366, 1787, 2539, 3542, 4577, 5674, 6137, 7154, 1843, 2725, 3584, 4403, 5068, 6355, 6972, 1751, 2629, 3570, 4473, 5384, 6147, 7344, 1801, 2693, 3448, 4523, 5382, 6311, 7122]
[1421, 1927, 2760, 3347, 4118, 5137, 5670, 1303, 2209, 2490, 3361, 4186, 4671, 5268, 1257, 1797, 2786, 3069, 4038, 4805, 5136, 1391, 1979, 2472, 3629, 4132, 4799, 5322, 1333, 2001, 2576, 3533, 4252, 4673, 5278, 1289, 1971, 2650, 3191, 4082, 4647, 5372, 1309, 2117, 2882, 3661, 4026, 4553, 5240, 1245, 1849, 2572, 3397, 3996, 4673, 5140, 1373, 1857, 2654, 3539, 4132, 4699, 5302, 1197, 1981, 2790, 3511, 4070, 4733, 5314, 1573, 1895, 2646, 3555, 4224, 4763, 5472, 1371, 2177, 2704, 3157, 4124, 4513, 5212, 1265, 1849, 2550, 3297, 4096, 4891, 5544, 1305, 2147, 2976, 3383, 4100, 4715, 5254, 1249, 1921, 2778, 3325, 4132, 4493, 5300, 1329, 1979, 2548, 3321, 3884, 4777, 5522, 1331, 1943, 2586, 3579, 3858, 4563, 5432, 1425, 2097, 2832, 3349, 4010, 4629, 5448, 1369, 1925, 2692, 3189, 3952, 4817, 5224, 1491, 2051, 2686, 3443, 4386, 4781, 5416]
non-zero entry for P_0:
75625
non-zero entry for P_1:
526
non-zero entry for P_2:
2921
time
14202.73290681839
