lam_list
 [[1.0, 0.0, 0.0], [0.4, 0.6, 0.0], [0.4, 0.3, 0.3]]
excute_time
 0.785
epsilon_list_1
 ['0.1', '0.067', '0.05', '0.04', '0.033', '0.0286', '0.025']
sampling_time
 20
acc_reses
[0.9837565204981787, 0.9886630536141208, 0.9881387852252236, 0.9951083486212242, 0.9952431501182234, 0.9925149646874014, 0.9951590939767428, 0.9786686345791964, 0.9878279437198635, 0.9914635967342889, 0.9897715900019652, 0.9940941025875484, 0.9939051664735757, 0.9939228648003708, 0.9780361665788153, 0.9858507684751446, 0.9856800373699736, 0.9939459197181622, 0.9934402990225776, 0.9912153041841507, 0.9949911154634419, 0.9800222616518977, 0.9838051968144512, 0.9885967753062498, 0.9901356208232979, 0.9923271225408937, 0.9927444611976396, 0.9948074557244703, 0.9831772557425055, 0.9882758321839443, 0.9915625256208935, 0.9908040894735264, 0.9912974845313453, 0.9915910837322641, 0.9934459184505229, 0.982009192395662, 0.990539079382437, 0.9902621285540428, 0.9943038398609507, 0.9926102423534059, 0.9939260967245742, 0.9945476499626172, 0.9881039696879415, 0.9882845277590304, 0.9910711021471627, 0.9911884541341349, 0.9955814760762134, 0.9923751681801544, 0.9955136112246784, 0.9744769228435369, 0.9895563845664456, 0.9933839354933865, 0.993059245191612, 0.9945200853961023, 0.9946017136435772, 0.9937440323469874, 0.9816333252911682, 0.9845657109502111, 0.9891546402760845, 0.9913665739359132, 0.9924411282653615, 0.9946105037349553, 0.9930270847259874, 0.9743904131009427, 0.9862399590540964, 0.9928940509298719, 0.9927699506345053, 0.991020748538626, 0.9932496414981672, 0.9947242039518596, 0.9786403482688043, 0.9876825799886239, 0.9895395387726827, 0.9924704337033882, 0.9930963356321935, 0.9919452368133478, 0.9930348817745273, 0.9738470098670454, 0.9901204397311462, 0.9905087827754513, 0.9909167339721515, 0.9933566399988472, 0.9946452222762607, 0.9943023845891026, 0.9742698008838595, 0.9885362960269837, 0.9899002629314491, 0.9916825460074444, 0.9955844366982967, 0.993767808903028, 0.9944391580035317, 0.9787274094602031, 0.9868057900239754, 0.9872826558556576, 0.9934054872270744, 0.9942131552779955, 0.9915757071190096, 0.9941844280577551, 0.9890321435412173, 0.986211644300033, 0.9877082602382306, 0.9897169815898311, 0.9938040672764598, 0.9914591678437958, 0.9953435381642841, 0.9817541047136744, 0.9908034435430969, 0.9907623453516924, 0.9954045010590729, 0.9903393309931809, 0.9932997837052279, 0.9948723293608275, 0.9823640819898635, 0.9864474509525225, 0.9901783486762076, 0.9928517299477464, 0.9941829397635574, 0.9934818696609671, 0.9940939200352154, 0.9863021880865368, 0.98738644775536, 0.9899838201999748, 0.9910795970707026, 0.9937873377060787, 0.9920101721218728, 0.9950103687206415, 0.9805994483548404, 0.9930724099689601, 0.9859054258155363, 0.9912317662769978, 0.991776605673423, 0.9936712956167997, 0.9956209762587377, 0.9876371601522157, 0.9845647374531912, 0.9836366874249921, 0.9918634772020928, 0.9924360059384955, 0.9937840782312339, 0.9951846976383695]
[0.9833550145854246, 0.9824044670314489, 0.9833328808127858, 0.9859750286440426, 0.9867553136032956, 0.9901519531189777, 0.9920685674872788, 0.9704422590894163, 0.9756477472916384, 0.9760413250660795, 0.9820322946240141, 0.9862676096687752, 0.9897939732606782, 0.9937276436157719, 0.9588834628799854, 0.9821434253989929, 0.9833973167726241, 0.9828510140492378, 0.9928911926831994, 0.981921230216277, 0.9947913527212392, 0.9692737830495707, 0.9770023808243216, 0.9895775641173106, 0.9879452224826513, 0.9871828775442887, 0.9925654338878984, 0.9912109746738393, 0.9749782085251845, 0.9831653378472017, 0.9803529581362824, 0.984745121313235, 0.9808335326040131, 0.9925190617989693, 0.989048634169025, 0.9707570871983752, 0.9780973112541026, 0.9759332922124098, 0.9889499498079236, 0.9891169133809371, 0.9918156698400787, 0.988196352240876, 0.9590095718470272, 0.9732550321732145, 0.9811218926806169, 0.9804471648127758, 0.9860454150230866, 0.993905253069731, 0.9907674795855882, 0.9736784030987553, 0.9831002421873422, 0.9828798375568023, 0.9861220128843381, 0.9887465943628128, 0.9891153918540527, 0.9868318857107296, 0.9682674058592647, 0.968045756406159, 0.9845765776598501, 0.98983219435939, 0.9896296064038269, 0.9889831779992688, 0.9907226512357029, 0.9671750844617023, 0.9843893935585755, 0.9858791523300143, 0.984334836475827, 0.9856341285988199, 0.9875866026064211, 0.9875506985925371, 0.9723154717352326, 0.9834581600201042, 0.9852806284974659, 0.981197225406846, 0.9890829629335655, 0.9895468366812825, 0.9901499314710643, 0.9725789704331875, 0.9792531534167447, 0.9818031236992157, 0.9840017650863452, 0.9910254712343065, 0.990831133171113, 0.9906334197964959, 0.9734638934687087, 0.9810018941274126, 0.9883012705560605, 0.981809756200765, 0.9910366825267567, 0.9916765516355956, 0.9872156663748961, 0.9743278418828453, 0.9792886521611477, 0.9876015320988168, 0.9877096169885715, 0.9841267319174509, 0.9915041632935159, 0.9944186198496183, 0.9839433085989234, 0.9856409506292181, 0.9819684862416911, 0.9911995150253846, 0.9877444851039204, 0.9903551814570699, 0.9927337264430511, 0.9685883488409508, 0.9729268833790705, 0.9880924487215746, 0.986968221226381, 0.9889072996107259, 0.9868178724685511, 0.9915786222124776, 0.9764062418490501, 0.9758231791042846, 0.9749784764082209, 0.9890852470303259, 0.9905835764297741, 0.9847398378298529, 0.9904625842601713, 0.9628676404055296, 0.9863353776159199, 0.9829032480408822, 0.9871431721876218, 0.9872136480400234, 0.9940284593754736, 0.9928193215064111, 0.9628728315451832, 0.9838682755890652, 0.984542572315168, 0.9867966028758374, 0.9891120222280724, 0.9907150516276576, 0.9881326069332254, 0.9656183935772287, 0.983005318035137, 0.9760792477126703, 0.9857020021681027, 0.9914692702310829, 0.9915425181544736, 0.990974388262767]
[0.9495711159846913, 0.9731276896538571, 0.9871352690852518, 0.989910680113234, 0.9859422643213522, 0.9936352168033635, 0.9923139555523136, 0.9474406578330934, 0.9852438762910452, 0.9892386487862256, 0.9854439740994075, 0.9883542031725054, 0.9878025254870354, 0.9886390796419976, 0.9673720644631353, 0.9699958685841032, 0.984714420925724, 0.9848913777999999, 0.986247458141937, 0.9930833802876574, 0.9908753623260802, 0.9607096209047365, 0.9797310258459098, 0.9900065698988354, 0.986854967922384, 0.9858169348671273, 0.9880801353337669, 0.9896968162883947, 0.9752658048396734, 0.9850289591034626, 0.989767210863492, 0.9885888678838624, 0.9886755754705367, 0.9881005703023369, 0.9916327859225291, 0.9675918458228466, 0.9804311313232257, 0.9896885620295894, 0.9897193093237996, 0.990209583446739, 0.9924789985236515, 0.9943653179915715, 0.9752131866370052, 0.9747553272479581, 0.9710810306590872, 0.9884301174685953, 0.9936986787202858, 0.9855598685524763, 0.9949077558275267, 0.9748862968480381, 0.9767056889951908, 0.9858962213379868, 0.9833943403359691, 0.9912989097965471, 0.9926653359018655, 0.9902954691924845, 0.9609111406400088, 0.9755757616509386, 0.9716712964898832, 0.988630823719791, 0.9810854086170728, 0.9889874207294237, 0.9929960545388432, 0.9694365291209092, 0.9785075157174711, 0.9861577949004459, 0.9696531300920856, 0.9936661087345048, 0.9879898975803757, 0.9899893737000464, 0.9743981291123764, 0.9763431939850499, 0.9891146268479567, 0.988360803943352, 0.9872651531531226, 0.9939929668266699, 0.9922720825856176, 0.978903890165874, 0.9875475720890988, 0.9877564483517217, 0.9870934917437809, 0.9941179839671308, 0.9925321920309474, 0.9911574998277883, 0.9736099611558539, 0.9791233589213721, 0.986390868166939, 0.9875708820527341, 0.9882764497965713, 0.9926181762295099, 0.993442247472008, 0.9666647302850033, 0.9781638770941607, 0.9849135209614718, 0.9891874235730987, 0.9860323432286257, 0.988270043780429, 0.992403769735619, 0.9808185038348222, 0.9830004625593206, 0.980618453638796, 0.9911175848110867, 0.9903491834599769, 0.988790669076697, 0.9910051989965792, 0.9620769998178716, 0.9775612280254011, 0.989722421003789, 0.9841981258348652, 0.9905070024124213, 0.9870188821685791, 0.9928113676323805, 0.9412694201940599, 0.9844968400373147, 0.9876568581207322, 0.989791953828624, 0.9775282283589499, 0.9924852367971642, 0.9921037059415733, 0.9786457045993024, 0.9780259451264683, 0.9861223440566678, 0.9884351165319162, 0.990377199396694, 0.9907986776944401, 0.9911505501960951, 0.9566772567206919, 0.9757910475077878, 0.9906722124965566, 0.9814036211859147, 0.9926759615079492, 0.9871190223577344, 0.9950738496116387, 0.9744242171397731, 0.9728350881345299, 0.9815014025437595, 0.9890547140917451, 0.9883110951822524, 0.9907072611062437, 0.9943896362473964]
CNOT_numses
[52908, 78650, 106464, 131608, 159736, 184614, 210436, 53186, 79184, 105048, 131854, 159986, 185520, 211206, 52666, 78924, 106362, 132204, 160392, 185266, 211040, 53030, 78036, 105392, 132660, 160342, 184296, 209528, 52926, 78640, 105680, 131808, 159060, 184640, 211700, 52964, 78638, 105880, 131294, 159132, 185034, 212206, 53240, 78938, 105474, 131358, 160370, 183156, 211796, 52674, 78710, 105778, 131748, 160164, 184574, 211778, 52272, 78522, 105236, 132420, 160074, 184306, 212628, 53410, 79390, 105438, 132422, 159904, 184064, 211486, 52720, 78848, 105406, 133162, 160324, 184486, 211208, 52638, 79140, 105198, 131998, 160780, 184144, 211634, 53784, 77866, 104832, 132434, 159248, 184002, 211382, 52856, 78054, 106198, 132130, 160098, 185320, 210766, 53348, 78460, 105938, 131460, 160346, 184538, 211664, 52066, 78948, 105972, 132244, 160852, 184504, 212382, 52624, 78676, 105336, 131142, 159870, 183944, 211876, 52976, 79602, 105038, 132302, 160112, 185084, 210984, 52522, 78870, 104918, 131792, 159834, 185760, 211946, 52598, 77850, 104890, 131926, 160138, 184356, 211996]
[35610, 52680, 70770, 88646, 107134, 122306, 140946, 34552, 52886, 70396, 89330, 108484, 122726, 140784, 35026, 53700, 70626, 88898, 106976, 124258, 142638, 35722, 53604, 70996, 88366, 106976, 124126, 140770, 35464, 52598, 70416, 87778, 107292, 123888, 141804, 35352, 52256, 70182, 88756, 106642, 124028, 141844, 35716, 52970, 70946, 88722, 107044, 124134, 141546, 35322, 52520, 71674, 88462, 107710, 123992, 142438, 35284, 52656, 71070, 88272, 107130, 123784, 142626, 35660, 52488, 71130, 89426, 107028, 123760, 141656, 35438, 53748, 70382, 88724, 106588, 124566, 141302, 35938, 53264, 71180, 88374, 107980, 122958, 140844, 35370, 52770, 70534, 88852, 107084, 122652, 142878, 35288, 53432, 71032, 87672, 107736, 123012, 142428, 35724, 53014, 70376, 88280, 107820, 124486, 142264, 35326, 52800, 70654, 88292, 107186, 124118, 141998, 35600, 52892, 71446, 87974, 108014, 124160, 140910, 34906, 52162, 70948, 88764, 107986, 124168, 141996, 35392, 52290, 70154, 88374, 107544, 124334, 142684, 35536, 53568, 70374, 89070, 107848, 123934, 141760]
[35378, 53112, 71438, 89132, 107352, 124082, 143142, 35806, 53172, 71902, 88072, 107356, 124580, 141740, 36366, 52870, 71500, 90202, 108140, 124868, 141604, 35150, 53036, 72132, 88548, 108230, 124654, 143072, 36148, 52752, 71406, 88746, 109734, 125650, 141706, 35450, 53374, 71410, 90322, 108678, 124310, 142668, 36378, 52962, 70986, 89226, 108388, 125262, 143278, 35710, 54486, 72212, 88588, 108284, 125444, 142776, 35418, 53302, 71996, 89950, 107104, 125442, 141560, 35758, 53524, 71230, 89762, 108460, 125034, 141956, 35626, 52992, 70380, 89068, 108822, 124492, 142848, 35628, 53524, 72328, 89686, 108244, 125062, 143518, 35062, 53068, 70878, 89568, 108356, 125464, 142804, 35882, 53260, 72130, 89050, 107040, 126152, 142556, 35470, 53776, 70744, 89682, 109142, 124754, 142504, 36086, 53160, 71388, 88658, 108014, 125216, 142302, 35288, 53240, 71290, 89248, 108744, 126054, 142610, 35784, 53228, 71816, 89612, 107870, 124710, 143272, 36038, 53434, 71110, 89716, 109346, 124362, 142474, 35258, 53064, 71350, 89032, 108604, 124208, 142408]
single_q_numses
[44921, 67016, 90057, 112185, 135757, 157253, 178874, 45163, 67070, 89735, 112705, 136069, 157593, 179652, 44529, 67204, 90405, 112711, 136279, 157595, 179992, 45025, 66504, 89657, 112451, 136229, 156669, 178340, 45065, 67126, 89671, 112253, 135389, 156461, 179484, 45143, 67014, 90093, 111371, 135315, 157141, 180456, 45165, 67044, 89623, 112209, 136461, 155957, 179670, 44911, 66754, 89597, 111947, 136425, 156721, 179770, 44269, 67060, 89695, 112437, 135315, 156807, 179872, 45129, 67446, 89279, 112485, 135889, 156781, 180302, 44711, 66902, 89747, 113263, 136165, 156535, 179528, 44661, 66998, 89443, 112479, 136917, 156701, 180040, 45493, 66656, 89013, 112535, 135263, 156589, 179782, 44959, 66354, 90097, 112605, 135885, 157541, 179170, 45337, 66656, 90133, 112393, 136275, 156629, 179686, 44343, 67132, 90119, 112265, 135945, 156267, 180302, 44965, 66812, 89469, 111107, 135869, 156439, 179964, 44931, 67388, 89405, 112615, 136079, 156913, 179262, 44703, 67222, 88809, 111875, 135827, 157921, 180114, 44541, 66000, 89203, 112213, 136809, 156163, 180634]
[33137, 49446, 66069, 83117, 100007, 114653, 131746, 32461, 49162, 66057, 83031, 101085, 114639, 131752, 32789, 49878, 66227, 82795, 99823, 116261, 133008, 32895, 49796, 66307, 82493, 100011, 115579, 131764, 33047, 48796, 65691, 81899, 100265, 115711, 132480, 32897, 48700, 65329, 82773, 99601, 115517, 132428, 33363, 49708, 66515, 83327, 99701, 115777, 132078, 32933, 49044, 66659, 82511, 100527, 115373, 132892, 33115, 49254, 66503, 82373, 100029, 115751, 133444, 33351, 49054, 66563, 83087, 100099, 115119, 132332, 32811, 49910, 65923, 82915, 99963, 116165, 132654, 33547, 49652, 66635, 82369, 100881, 114747, 131684, 33005, 49182, 66125, 82927, 100179, 114435, 132742, 32851, 49426, 66333, 81941, 100613, 115553, 132842, 33297, 49558, 65629, 82605, 100473, 116019, 132404, 33135, 49578, 65783, 82583, 99865, 115565, 132152, 33115, 49786, 66605, 82291, 100797, 115619, 131952, 32769, 48874, 66173, 82745, 100537, 115971, 132438, 33239, 48852, 65853, 82223, 100475, 115821, 133274, 33103, 49968, 65661, 83169, 101031, 115497, 132048]
[32925, 49646, 66001, 82599, 99809, 115087, 133020, 33063, 49216, 66603, 82169, 100191, 115971, 131784, 33607, 49246, 66015, 83781, 99905, 115475, 131634, 32875, 49360, 66867, 82407, 100363, 115949, 132994, 33519, 48850, 66109, 82457, 101753, 116543, 131970, 32847, 49402, 66039, 83541, 100757, 115343, 132606, 33647, 49278, 65889, 82783, 100861, 116525, 132826, 33003, 50334, 66797, 82603, 100739, 115919, 132662, 32817, 49324, 66743, 83303, 99239, 116859, 131588, 33257, 49864, 66051, 82831, 100597, 115771, 132222, 32993, 48940, 65309, 82633, 100779, 115793, 132378, 33173, 49648, 66667, 82933, 100495, 116361, 132444, 32793, 49092, 65961, 82983, 100725, 116315, 132472, 33173, 49704, 67117, 82481, 99489, 116473, 132562, 32989, 49384, 65627, 83031, 100959, 115423, 132820, 33245, 49544, 66541, 82349, 100069, 115413, 132254, 32969, 49486, 66441, 82581, 101101, 117039, 132188, 33001, 49478, 66425, 82861, 100261, 115871, 133140, 33307, 49606, 65859, 83025, 100943, 115897, 132870, 32693, 49338, 66185, 82849, 100727, 115505, 132440]
time
21392.719382047653
