lam_list
 [[1.0, 0.0, 0.0], [0.4, 0.6, 0.0], [0.4, 0.3, 0.3]]
excute_time
 2.356
epsilon_list_1
 ['0.1', '0.067', '0.05', '0.04', '0.033', '0.0286', '0.025']
sampling_time
 4
acc_reses
[0.9730774773440245, 0.9817016131664132, 0.9839904386389794, 0.989223063239035, 0.9936674833319863, 0.9923641091780901, 0.9898665548140926, 0.9725452026163705, 0.9823466565822111, 0.9857717194312497, 0.9886983043747813, 0.992634117761386, 0.9912649395072475, 0.9897129535718119, 0.9742754793804137, 0.9861051492507243, 0.9860612765435603, 0.9880495715862448, 0.9878811866638219, 0.9876883635836219, 0.9899641288469381, 0.976114369855709, 0.9831601387696821, 0.9887836008022097, 0.9876613080095046, 0.9907159225992936, 0.9912834171532247, 0.9887862208162409]
[0.9762625111857166, 0.9813545942668638, 0.9829674937163743, 0.9914731981687507, 0.991301900064191, 0.9808032270827949, 0.9896909596054239, 0.971152396899514, 0.983246146148105, 0.9814816476086156, 0.9912597546418592, 0.9925016764462075, 0.9904487152060257, 0.9863913655320721, 0.9671221600876029, 0.973547998597364, 0.9830926521708568, 0.9885324253447656, 0.9894046197331039, 0.9816055662736771, 0.9851647685352598, 0.9637104022094425, 0.9795538097040671, 0.9837590379588869, 0.9880611352773813, 0.98857862056226, 0.9881628236747575, 0.9890971781050423]
[0.976878445721166, 0.9808521152193717, 0.9783510008737938, 0.9809634672744949, 0.9883432820867403, 0.9887225043820702, 0.9853850029595531, 0.9782831676549539, 0.9750921997962572, 0.9881820096391689, 0.9877501130229704, 0.9901570786834794, 0.9889084744440989, 0.988062266311339, 0.9572010885435053, 0.9776405104135736, 0.9817207102684691, 0.9882952581032904, 0.9912474807571217, 0.9889373809862194, 0.9881647262463462, 0.9713125036993242, 0.9791038877491084, 0.9860656273642138, 0.9857030523423602, 0.9854489591371868, 0.990123333080708, 0.9863565587055334]
CNOT_numses
[146236, 216450, 289810, 363588, 439666, 507806, 583096, 145616, 216886, 289768, 364056, 439934, 508652, 581758, 146058, 217566, 290980, 365238, 439798, 509036, 580556, 145862, 217562, 290568, 363632, 440982, 508676, 580134]
[86866, 130228, 172294, 215696, 264206, 303100, 346436, 87732, 129506, 174462, 217586, 262188, 301946, 346728, 86680, 129008, 174020, 215938, 263142, 302108, 347452, 86784, 129438, 174930, 215638, 263270, 302452, 345868]
[86970, 130446, 175036, 219134, 264644, 305364, 350310, 87228, 130606, 174272, 218060, 265736, 306128, 350072, 87608, 131110, 175944, 218950, 264120, 306452, 350902, 87426, 130306, 176072, 220062, 265798, 306928, 349842]
single_q_numses
[84785, 125053, 166910, 210674, 253858, 293845, 336831, 84081, 125643, 167460, 210144, 254090, 293873, 335805, 84319, 125667, 167892, 211102, 254402, 293905, 335923, 84077, 125495, 167880, 209868, 255126, 293879, 334799]
[62363, 93739, 123526, 155222, 189570, 217629, 248185, 62743, 92673, 125390, 156598, 188092, 216797, 248943, 62153, 92349, 125236, 155396, 188816, 217207, 249903, 61859, 93025, 125564, 154710, 188884, 217479, 248237]
[62073, 92663, 125036, 155966, 188618, 217353, 250053, 62289, 92813, 123910, 155514, 189098, 217831, 249141, 62533, 92903, 125346, 155452, 187970, 218515, 250561, 62307, 93045, 125446, 156202, 189054, 218125, 249627]
non-zero entry for P_0:
75625
non-zero entry for P_1:
515
non-zero entry for P_2:
2680
time
13895.465886354446
