lam_list
 [[1.0, 0.0, 0.0], [0.4, 0.6, 0.0], [0.4, 0.3, 0.3]]
excute_time
 2.356
epsilon_list_1
 ['0.1', '0.067', '0.05', '0.04', '0.033', '0.0286', '0.025']
sampling_time
 4
acc_reses
[0.9692999826539234, 0.9845766476710722, 0.9900587808256036, 0.9912962318551521, 0.991163849830659, 0.9908391834082908, 0.9876702444353334, 0.9762467120134891, 0.9863408322237709, 0.9860315934098285, 0.9892310500160114, 0.9928920270413423, 0.9925115708713199, 0.9899783732717936, 0.9746699255290938, 0.9809846283886494, 0.9866031418860889, 0.9878039400102069, 0.9941099905835344, 0.9932285550207263, 0.9882807142932658, 0.9828108642846434, 0.9835004852498944, 0.986271386492808, 0.9874646068336297, 0.9925803546672952, 0.9894065275624202, 0.9908180247284384]
[0.9637009532084452, 0.9775463347329878, 0.9808042058557916, 0.9868658840614831, 0.9808609874218276, 0.9869852190505121, 0.9869895592377834, 0.9691317661795488, 0.9809734835618746, 0.9785385729052385, 0.9892457724299355, 0.9906284266591396, 0.9893844133084627, 0.9831072280286669, 0.9773717780566213, 0.9768453243007329, 0.9772802612708923, 0.9874095510051144, 0.9909161341979021, 0.992368102729393, 0.9850326838244642, 0.9512168721603703, 0.9790610079930367, 0.9853339813772648, 0.9886506814012973, 0.9932729602540046, 0.9900912643789445, 0.9897103906538344]
[0.9771569157085211, 0.9796066977772705, 0.9750271605258861, 0.9845746794262021, 0.9836612564137887, 0.9904850721664985, 0.9893577705624802, 0.9699104896075336, 0.9845001698004087, 0.9864407877067024, 0.9829323347393205, 0.9920077938405657, 0.988633465410579, 0.9890834705042993, 0.9720117971072172, 0.9807888867911887, 0.9837944074951411, 0.9846187244551213, 0.9843997019105606, 0.9848923396571834, 0.9897870425196199, 0.9535789630352003, 0.985175254624862, 0.9744216838628468, 0.9885240793537396, 0.9922552109026646, 0.9883545047705561, 0.9858279229452602]
CNOT_numses
[145988, 216856, 290558, 362936, 440700, 506052, 582044, 145490, 216600, 290082, 363722, 439922, 508800, 582674, 144602, 217718, 292350, 363650, 440984, 508638, 582624, 144652, 217276, 291336, 364544, 438832, 509158, 581140]
[86578, 128900, 173270, 215848, 262004, 302698, 348128, 86674, 128950, 174534, 217508, 264042, 304050, 347118, 85850, 129690, 172618, 217446, 262992, 304284, 345902, 86358, 129488, 173612, 216238, 263064, 303054, 346570]
[88388, 130756, 176160, 218930, 262864, 305848, 350756, 87540, 130808, 175924, 219804, 265604, 307846, 350410, 87838, 131340, 175016, 218754, 265638, 302968, 349398, 87568, 130190, 174932, 219232, 266168, 304756, 349494]
single_q_numses
[84339, 125229, 168094, 209958, 254712, 293125, 336371, 84093, 125051, 167594, 210208, 254346, 294405, 336915, 83607, 126087, 168968, 210082, 254272, 293377, 337619, 83369, 125585, 168612, 211336, 253346, 293847, 336377]
[62603, 92007, 124566, 155196, 187890, 216713, 250169, 62063, 92097, 125566, 156312, 190078, 218773, 249137, 61085, 93583, 123714, 155978, 188246, 218475, 248455, 61911, 92803, 124446, 155394, 188272, 217777, 248205]
[62747, 93323, 125642, 156248, 186694, 217997, 249969, 62529, 93253, 125434, 156394, 189356, 219283, 249769, 62807, 93631, 124376, 155530, 188790, 215949, 248681, 62419, 93089, 124854, 155940, 189824, 217093, 248731]
non-zero entry for P_0:
75625
non-zero entry for P_1:
515
non-zero entry for P_2:
2680
time
13706.199696063995
