lam_list
 [[1.0, 0.0, 0.0], [0.4, 0.6, 0.0], [0.4, 0.3, 0.3]]
excute_time
 2.356
epsilon_list_1
 ['0.1', '0.067', '0.05', '0.04', '0.033', '0.0286', '0.025']
sampling_time
 4
acc_reses
[0.9793119765284028, 0.9779453281123272, 0.9870801138538008, 0.9881991746623306, 0.9915736922319662, 0.9917299170782116, 0.9876451506940441, 0.9820452928544783, 0.9822821071905276, 0.9863734286019677, 0.9858286420399984, 0.9935913690403612, 0.9904111624990802, 0.9887732863622095, 0.9739707832765326, 0.9767442348115211, 0.9847284028838141, 0.988067686756847, 0.9921988277690504, 0.9926871657798161, 0.9888469006874405, 0.9809382561155233, 0.9850595027650684, 0.9868062151461916, 0.9907188415527631, 0.9915851363973881, 0.9888362895974362, 0.9902772914157798]
[0.9654315682839713, 0.9765605756858701, 0.9794115729506822, 0.9834473867112036, 0.9897533681892963, 0.9873153772137452, 0.987763226255539, 0.9686876701923718, 0.9743176463057436, 0.9737641765469798, 0.9858693570773894, 0.9915891290714549, 0.9912107598328974, 0.986197900077528, 0.9753289388160994, 0.9784634654081933, 0.9785878719921002, 0.9875014424888908, 0.9925134184950817, 0.9890255332280896, 0.9906269314748845, 0.9640770554542542, 0.9800371530890338, 0.9868831088738347, 0.9862793114905684, 0.9902181031249739, 0.9911834002586558, 0.9893922214236059]
[0.9612613921067518, 0.9762256203138204, 0.9897249937514474, 0.9790545126668816, 0.9925967460143715, 0.9912337662971, 0.989707112399296, 0.9631120456345472, 0.9777653420081039, 0.9794739019888142, 0.9831064360961257, 0.9900575355417796, 0.9895135760522376, 0.9858299553095791, 0.976177218678897, 0.9790504018896526, 0.9803077055916386, 0.9888866555019312, 0.9874133169401644, 0.9894583241829599, 0.9890394216203463, 0.9719169740433369, 0.9812201970023067, 0.9760386348650282, 0.9886437058739548, 0.9904779384507405, 0.988796295220155, 0.9885232450608036]
CNOT_numses
[145384, 217006, 288982, 362914, 440706, 509308, 581832, 145472, 218212, 291048, 363994, 440886, 509398, 579772, 145052, 217778, 291082, 364400, 440112, 509132, 581854, 145514, 217036, 290844, 364028, 439248, 509520, 581134]
[86830, 129186, 173184, 217314, 263330, 304292, 346814, 86274, 129344, 175196, 216376, 262438, 303334, 345478, 86786, 129636, 174358, 216404, 263686, 303910, 347986, 87024, 130054, 171720, 215640, 262756, 301384, 345284]
[87930, 131416, 175070, 219136, 264618, 305214, 351154, 87982, 131116, 174378, 218790, 266218, 305458, 350718, 88142, 131460, 175318, 219284, 266316, 304952, 349770, 86814, 130342, 174694, 218988, 264808, 305836, 349530]
single_q_numses
[84209, 125795, 167056, 209158, 254878, 294139, 335845, 83819, 126059, 169028, 210356, 254926, 294313, 335321, 83785, 125467, 168280, 210978, 253480, 294327, 336901, 84105, 125543, 168130, 210150, 253636, 294283, 335423]
[62573, 92711, 124604, 155490, 189038, 218427, 249039, 61905, 93315, 125654, 155496, 188120, 218263, 247701, 62435, 92791, 125344, 155234, 189062, 218025, 249529, 62311, 93417, 123240, 154692, 188518, 215581, 248069]
[62385, 93777, 124676, 156350, 188632, 217057, 250475, 62435, 93405, 123618, 155164, 189668, 217381, 249977, 62839, 93825, 124350, 155602, 190034, 217321, 248959, 62091, 92523, 123830, 156802, 189146, 217635, 248895]
non-zero entry for P_0:
75625
non-zero entry for P_1:
515
non-zero entry for P_2:
2680
time
13712.095004320145
