lam_list
 [[1.0, 0.0, 0.0], [0.4, 0.6, 0.0], [0.4, 0.3, 0.3]]
excute_time
 2.356
epsilon_list_1
 ['0.1', '0.067', '0.05', '0.04', '0.033', '0.0286', '0.025']
sampling_time
 4
acc_reses
[0.9772634378445576, 0.9774392412810582, 0.9868638542177436, 0.9857151066563689, 0.9938271650716435, 0.9925045376526405, 0.9889668832912355, 0.9701556617774808, 0.9800366352198153, 0.983896493911747, 0.9861590266648325, 0.9886423350252338, 0.9908227326601348, 0.9907560352449019, 0.9822947384819383, 0.9807694230536811, 0.9879155168727051, 0.9867020340464857, 0.9914513234066458, 0.9911282691490046, 0.9863414180233422, 0.9754201320729344, 0.9836662431159824, 0.9896320107616078, 0.9846487685343182, 0.9926146292434266, 0.9899798656449054, 0.9872319816295325]
[0.9625286229579936, 0.9834128669041254, 0.9788259349843864, 0.9856047759927004, 0.9871389992775286, 0.9886165273612915, 0.9881714604888444, 0.973548175672558, 0.982946458334, 0.9823106902420897, 0.9815270387819965, 0.990713718211433, 0.9910545945511111, 0.9826557078884596, 0.962116625541909, 0.980095708103077, 0.9788375380357834, 0.9863796915781605, 0.9872760155374108, 0.9908525362359318, 0.9880416419440503, 0.9614549236949951, 0.9804877053716093, 0.9837459326675312, 0.9901744727133381, 0.9914828606129623, 0.9834836219623759, 0.9844499827372993]
[0.9683571965076412, 0.974012019783393, 0.9814658184685392, 0.984571761783449, 0.9877993470133168, 0.9907145532666658, 0.9874571562777661, 0.9667523500087433, 0.983813231821567, 0.9882742763111834, 0.9849983962593285, 0.9880690046638277, 0.9876548076349753, 0.9850974679018292, 0.9694195073090608, 0.9732893712155738, 0.9855116605803849, 0.9895451666379538, 0.9877439141450121, 0.989399554651388, 0.9876712562334958, 0.9662452379386932, 0.9789541371853326, 0.9851749622948952, 0.9874882707156621, 0.9858853823880784, 0.9896072757019729, 0.9879456789492825]
CNOT_numses
[146070, 217936, 291010, 363492, 441058, 508802, 581544, 145416, 217676, 291066, 363030, 440428, 508844, 580990, 145318, 216680, 290726, 363550, 440572, 507686, 582834, 145218, 216116, 290912, 364778, 441470, 508482, 582366]
[87524, 129146, 173874, 216892, 262038, 301086, 345422, 87334, 129116, 172558, 217890, 263804, 302560, 349154, 87186, 129024, 173926, 216816, 264438, 303082, 347860, 86276, 128966, 173238, 216950, 264510, 303262, 346834]
[87834, 130642, 174258, 219078, 265360, 307072, 349958, 87674, 130366, 176054, 219276, 265276, 307100, 350218, 87958, 130162, 175628, 218542, 264866, 305562, 349206, 88646, 129650, 175356, 218678, 265168, 305346, 350808]
single_q_numses
[84463, 126013, 168154, 210330, 254460, 293997, 335893, 83893, 125803, 168624, 210246, 255110, 293891, 335451, 83993, 125211, 167964, 210478, 254470, 293477, 337395, 84145, 124795, 168406, 210634, 255120, 293375, 336531]
[62703, 92589, 124464, 155628, 187892, 216245, 247281, 63063, 92787, 123944, 156640, 188932, 217439, 250813, 62889, 92075, 124508, 156002, 190426, 216779, 249463, 61853, 92601, 124388, 154974, 189502, 217137, 248931]
[62563, 92761, 123660, 156174, 188484, 218705, 248165, 62871, 93003, 125286, 156520, 188442, 218265, 249837, 62843, 92129, 125070, 155238, 189098, 218177, 248659, 63095, 92607, 125006, 156062, 189058, 217693, 249563]
non-zero entry for P_0:
75625
non-zero entry for P_1:
515
non-zero entry for P_2:
2680
time
13747.410111665726
