lam_list
 [[1.0, 0.0, 0.0], [0.4, 0.6, 0.0], [0.4, 0.3, 0.3]]
excute_time
 2.356
epsilon_list_1
 ['0.1', '0.067', '0.05', '0.04', '0.033', '0.0286', '0.025']
sampling_time
 4
acc_reses
[0.9765670896812148, 0.9855696559419308, 0.98607248138859, 0.9869376426334799, 0.9925276042121673, 0.9923261404074067, 0.99098545313903, 0.9767231395252496, 0.9785034663138359, 0.98820853544917, 0.9819238187916783, 0.9937476520822695, 0.9905946260254257, 0.9903670550548792, 0.9658060137763518, 0.9864796401249714, 0.9888270502024099, 0.9895252586633023, 0.9931553611789621, 0.9893083636586373, 0.9893660546849654, 0.9721427526791906, 0.9852117395215417, 0.9876648201339765, 0.9878469109560383, 0.9929457908645655, 0.990860164254157, 0.9899514913578327]
[0.9778432541254078, 0.9801999331963538, 0.9867082251198428, 0.988854588503842, 0.9907432798726954, 0.9872474717924773, 0.9878179445131994, 0.9638438087486418, 0.9807962775360701, 0.9847664839625214, 0.9853572851446643, 0.9850491294230056, 0.9861707704328755, 0.9891131520594321, 0.9671232754565379, 0.9696302414422637, 0.9746759096909173, 0.9894828816265817, 0.9905270339699513, 0.9898229837445818, 0.9842741527728057, 0.9667972810112108, 0.9819310962582656, 0.9799821023664177, 0.9848262094251895, 0.986379269364943, 0.9893364372327081, 0.9876447398638725]
[0.9745690853263543, 0.9829148131993323, 0.9842721224514812, 0.9857699906384513, 0.9908018708278364, 0.9892874383269579, 0.9889769561361829, 0.9571188216260829, 0.9805883176415644, 0.9804269672500264, 0.9791237765045104, 0.9896367195422849, 0.9905198237540759, 0.9877728231758824, 0.9647367635539099, 0.9791594150275619, 0.9833425938634437, 0.9857958574799561, 0.9918890595666728, 0.9854038953905029, 0.9817636179462235, 0.9796974804164876, 0.9793590049467297, 0.985705852518217, 0.9871556929126146, 0.9910192490739449, 0.9915161732932258, 0.9897308945760404]
CNOT_numses
[145220, 216906, 291502, 362412, 441684, 508044, 582890, 144740, 218192, 291324, 364626, 439816, 507242, 581974, 144652, 217316, 290770, 362700, 438918, 506636, 581166, 145276, 216810, 289894, 363710, 441046, 509350, 578350]
[86580, 129312, 173766, 216460, 262080, 302666, 346874, 86938, 128910, 174444, 216114, 263394, 304298, 347140, 86542, 127978, 174288, 215738, 262988, 302812, 346572, 87436, 130172, 172748, 217452, 262656, 300534, 346342]
[86922, 130278, 174728, 218154, 265212, 306456, 350064, 87770, 129830, 174176, 220488, 264348, 306804, 349292, 88328, 130470, 174816, 219604, 265162, 308228, 350928, 87832, 131776, 174950, 219032, 265828, 304910, 350022]
single_q_numses
[83301, 125835, 168784, 209110, 255706, 294151, 336811, 83573, 126165, 168496, 211170, 253844, 293043, 335451, 83523, 125599, 168252, 210028, 253574, 292059, 335841, 84227, 124937, 167846, 210282, 254782, 294075, 333997]
[61643, 92625, 124882, 155662, 188232, 217157, 249585, 62691, 92287, 125238, 155178, 188990, 218367, 248385, 62141, 91947, 125078, 154612, 189284, 217227, 248995, 62895, 93471, 123398, 155814, 188006, 215839, 248271]
[62289, 92475, 124404, 154722, 188318, 218085, 249701, 62835, 92013, 123820, 157216, 188626, 218089, 249325, 62769, 93397, 124630, 156204, 188092, 219467, 249961, 62497, 94787, 124148, 155640, 189164, 217255, 249155]
non-zero entry for P_0:
75625
non-zero entry for P_1:
515
non-zero entry for P_2:
2680
time
13894.086740255356
