lam_list
 [[0.2, 0.8, 0.0], [0.8, 0.2, 0.0], [0.2, 0.4, 0.4]]
excute_time
 0.15
epsilon_list_1
 ['0.1', '0.067', '0.05', '0.04', '0.033', '0.0286', '0.025']
sampling_time
 20
acc_reses
[0.9645625970918752, 0.9831044893258293, 0.9888075147283815, 0.988010627581154, 0.9873729800623449, 0.9923905382497783, 0.9913998533367354, 0.9721563546414365, 0.9769244084448618, 0.9821797374174418, 0.9886257433821297, 0.9889600894752473, 0.9917583363693339, 0.9920974489158263, 0.9665387061589151, 0.9788498772068109, 0.9843489267819077, 0.988817144925869, 0.9889440422298358, 0.9911947979979161, 0.9923364697217565, 0.9669614694788196, 0.968481797635459, 0.9815385508433295, 0.9897112874329647, 0.9900934927010128, 0.9894333281798903, 0.9916565708708669, 0.97062684562832, 0.9846255325879244, 0.9886133263981792, 0.9852278423035026, 0.9909463262261516, 0.9922108608389882, 0.9932194180091749, 0.9780453205021447, 0.9826136848389285, 0.9874550658765293, 0.9868154675410202, 0.9901036511301287, 0.9903063183432482, 0.9925306834923072, 0.9690567381775684, 0.9832925042768356, 0.9856931471490592, 0.9870010923077663, 0.9929514798758197, 0.9934002905185431, 0.9924847899695391, 0.9748224997950145, 0.9849929243285012, 0.983320299232996, 0.9881665172268285, 0.9877869470580536, 0.9909750244031413, 0.9915828050147861, 0.9738638466461593, 0.9822404027573118, 0.9889579210078614, 0.989528413910901, 0.9922163838780245, 0.9901345604480616, 0.9921423276394, 0.9755428595014917, 0.9788252231360626, 0.9866809496225715, 0.9896041255732477, 0.9906668689337551, 0.9910332473252124, 0.9920976478142418, 0.9731804067186128, 0.9797657126466086, 0.98659318166857, 0.9893161199304715, 0.9896888342951654, 0.9920566675990119, 0.9918404945744593, 0.9719976407579619, 0.9786344383269657, 0.9852857581245473, 0.9877270048938914, 0.9900965325679533, 0.9901582786200979, 0.9918237065111547, 0.9721073758938282, 0.981134825093944, 0.9865687659476245, 0.9893414771937471, 0.991203301957903, 0.9931593183350078, 0.9913580438166811, 0.9636587507252096, 0.9817879273249652, 0.9886124000933798, 0.9884721257909833, 0.9911820458562514, 0.9903200332416365, 0.9915815564490207, 0.9688905505320133, 0.9774273828697229, 0.988050171824013, 0.9898831748518818, 0.9909455795531877, 0.9904770275475442, 0.9909198552313057, 0.9687388096765789, 0.9751122567822682, 0.9792925613739442, 0.9900657474073317, 0.9907927445607224, 0.992594233062797, 0.9932093311148857, 0.9645110027512694, 0.9695680552408816, 0.9866151574228182, 0.9895136957168766, 0.9920499453228503, 0.990229425434246, 0.9930123577874521, 0.9720456935982682, 0.9781420964121436, 0.9856985658113401, 0.9896469651099752, 0.9889026065870873, 0.9937774331671042, 0.9928899536757667, 0.9750826038113133, 0.9798860039931306, 0.9836239792569027, 0.9850322228024134, 0.9917007950159122, 0.9910060943056724, 0.9922140050001101, 0.9702222634603096, 0.9806079617011382, 0.9883009838629974, 0.9863747030132137, 0.9915239389274458, 0.992595071124839, 0.9920795139032768]
[0.9747498121035042, 0.9817889483034118, 0.9903179611681049, 0.98913661298701, 0.9915877062973005, 0.9940541154626953, 0.9925481555458462, 0.9768236072111149, 0.984211665826026, 0.9884151638533357, 0.9902042590938088, 0.9923374200696827, 0.9935380353097191, 0.9925737226170603, 0.9767476739120725, 0.9862030276233046, 0.9880941321880853, 0.9902572007438459, 0.992181397222564, 0.9941545185294514, 0.9944872693600922, 0.9748394134209234, 0.9849488001889952, 0.9868371534555532, 0.9917940303872863, 0.9910849229614488, 0.9933663082712483, 0.9941913678071338, 0.9769769240908416, 0.9835800437014557, 0.9903502689011792, 0.9914903245439756, 0.9932885947967955, 0.990869400262228, 0.9937298952853965, 0.975478478322466, 0.9852322544221955, 0.986970908821478, 0.9897105931804187, 0.9927909871860302, 0.9918439723698167, 0.9942213445781545, 0.9764092524940898, 0.9838911558058528, 0.9896006425898453, 0.9902980506531134, 0.991787537435752, 0.9934996310143774, 0.9929053674604217, 0.9744683442615879, 0.9835781699640843, 0.9866936785574673, 0.9893869442971737, 0.9916295437275232, 0.9924293316292603, 0.9918182038901112, 0.976246991609058, 0.9846106082151249, 0.9886694728710343, 0.990246953862302, 0.9917356153041609, 0.9917804978764889, 0.9933162093247028, 0.9759116717582964, 0.9797224797372748, 0.9889179787663966, 0.9909206534236056, 0.9922854046807147, 0.9929533924220993, 0.9929006698310082, 0.9765132797486179, 0.9837356640313502, 0.9877685245577937, 0.9907977494859548, 0.9912485052037483, 0.9925976674004542, 0.9949640294238932, 0.9765743318357661, 0.9833763860804059, 0.9878181313060053, 0.9896773712828076, 0.9933156086394584, 0.9936208041564183, 0.993077482770926, 0.9768271698831923, 0.9863191965279748, 0.9859678104450116, 0.9888911600888416, 0.9925797684938902, 0.9936198458783483, 0.9935817605012675, 0.9734466838312354, 0.9866468582518214, 0.9876738649790593, 0.9903525985837257, 0.9921426414545266, 0.993702842375937, 0.9934833467828726, 0.977374385196042, 0.9806551204565761, 0.9869922697767621, 0.9907362436124161, 0.9925876715201112, 0.991525459057763, 0.9943931655248001, 0.9782972938537218, 0.9817148001191973, 0.9875016761245476, 0.9913608163961163, 0.9929819098453996, 0.9921411804225261, 0.992788357805708, 0.9691566936054818, 0.9834484707798035, 0.985741153238314, 0.9906267158528466, 0.9913337533928382, 0.9928767461705899, 0.9937531479967208, 0.9752724914845329, 0.9840574028622244, 0.9853480052103606, 0.9912627796432294, 0.992893046192626, 0.9928973226226799, 0.9942739921715225, 0.9782053678915116, 0.9847676742936836, 0.9858013131902613, 0.990938736025045, 0.9923268421541391, 0.9950464091473803, 0.9937013312955324, 0.9785310074557169, 0.9836082425289056, 0.986709595101353, 0.9889706799793992, 0.990800946848639, 0.9917621104815046, 0.9926778917743524]
[0.973375220959499, 0.980108995553533, 0.9850144348505833, 0.9891903415581144, 0.9912040923676959, 0.9919175997912518, 0.9920121625748369, 0.9774722659136296, 0.9803722306247323, 0.9751034471129513, 0.9863635278809925, 0.9900316962190706, 0.9909659190847854, 0.9934319374255094, 0.9617081629703881, 0.9843875441779866, 0.9857878786476333, 0.9886625725005463, 0.9874247903713231, 0.9890644088171863, 0.992342765178702, 0.9716070923283361, 0.9831013687895345, 0.9857760791221752, 0.9873207395418357, 0.9896801214739046, 0.9894674179035206, 0.9931372843369424, 0.9726930336212829, 0.9789577325194369, 0.9808587847892704, 0.9878515786941734, 0.9907256025985456, 0.9924308560478121, 0.9927113212668615, 0.9660555777672005, 0.9804513848316283, 0.9846207607859578, 0.9846206043629785, 0.9900073901530344, 0.9897528434774775, 0.9929712712310513, 0.9734861807593863, 0.9819030743925927, 0.9859824135420406, 0.9889341776419364, 0.9897105588814376, 0.9924499139724429, 0.9949450026027504, 0.9667043039877964, 0.9805445722679713, 0.9818182388874857, 0.9883688521324167, 0.9890550234641727, 0.9923513277424888, 0.992542790682118, 0.9735753722439605, 0.9830984378820872, 0.9839525728965575, 0.9865745218617584, 0.9902837826320114, 0.9921085705846548, 0.9928612166680632, 0.967552372771936, 0.9777077468864777, 0.9796798851807398, 0.9891804375427812, 0.9915071798295957, 0.9913465171944679, 0.9899739130565292, 0.9706571475655877, 0.98130237491523, 0.9869762887869153, 0.9868406623982969, 0.9884300015560281, 0.9919905524022588, 0.9929763325976064, 0.972790677812211, 0.9785501014807141, 0.9857736383607768, 0.9869653533946496, 0.9896343157095769, 0.992454288971361, 0.9922738270709772, 0.971923837195883, 0.9808837254097704, 0.9810304396591135, 0.9894166467326299, 0.9828499378928562, 0.9901239890744259, 0.9910101996286695, 0.9709013429553994, 0.9837316408064294, 0.9832185687578351, 0.9877927983496846, 0.9916541828249911, 0.9911898490087134, 0.9911534759243753, 0.9649189552908123, 0.9794855187380268, 0.9818837458907427, 0.9879933019282556, 0.9892329364160398, 0.9914223050207033, 0.9934420729139537, 0.9596502496197061, 0.9830479630940516, 0.9835444842520628, 0.9891817661669391, 0.9887599533762638, 0.9903020972407437, 0.9939830460630342, 0.967641541125491, 0.9823773615840532, 0.9834249987353214, 0.9875680229033466, 0.9924402535348746, 0.9931202005880373, 0.9921271504254402, 0.971962726273871, 0.9729097294620278, 0.9829856375179655, 0.988738632188014, 0.9899812466161221, 0.9903458656640987, 0.9911483267591611, 0.9678560326767967, 0.982253129320648, 0.9810072718452942, 0.9851096601676863, 0.9876698527302292, 0.9908246446696098, 0.9927512277412155, 0.9734100471812859, 0.983125900292771, 0.9845638944680791, 0.9862645036362713, 0.9893232471856325, 0.9912902294393178, 0.9931078411928267]
CNOT_numses
[14600, 21178, 28852, 36006, 43806, 50092, 57320, 14210, 21372, 28742, 35898, 43214, 50226, 57910, 14282, 21000, 28888, 36328, 43218, 50288, 57214, 14168, 21602, 29014, 36018, 43930, 50620, 57318, 14332, 21452, 28694, 35856, 43406, 50370, 57188, 14430, 21642, 28554, 35686, 43630, 50238, 57446, 14234, 21438, 28618, 35538, 43502, 50046, 57896, 14528, 21522, 28600, 35746, 43526, 50082, 57114, 14360, 21630, 28838, 35708, 43876, 50006, 57668, 14268, 21156, 28752, 36060, 43300, 50122, 57780, 14412, 21314, 28536, 36228, 43426, 50404, 57454, 14344, 21612, 28578, 35848, 43848, 49808, 57268, 14352, 21530, 28880, 35988, 43712, 50418, 57426, 14188, 21444, 28672, 35740, 43520, 50196, 57588, 14388, 21308, 28492, 36148, 43568, 50516, 57602, 14104, 21398, 28920, 35992, 43436, 50334, 57316, 14442, 21540, 28330, 35618, 43264, 50116, 57140, 14438, 21672, 28416, 35780, 43612, 50148, 57284, 14206, 21374, 28574, 35952, 43240, 50316, 57434, 14638, 21246, 28322, 35742, 43642, 50286, 57470]
[25470, 38500, 51256, 64052, 78230, 90432, 102664, 25514, 38778, 51572, 63938, 77514, 89716, 102470, 25784, 38110, 51276, 64066, 78406, 89850, 102460, 25682, 38218, 51708, 64298, 78058, 90010, 102868, 25618, 38256, 51582, 64450, 77570, 89672, 102378, 25924, 38424, 51348, 63922, 77138, 90128, 103112, 25452, 38484, 51408, 64100, 77946, 89990, 102952, 25740, 38606, 51396, 64348, 78014, 89188, 102062, 25724, 38666, 51546, 64206, 77584, 89648, 103354, 25598, 38146, 51416, 64904, 77740, 90206, 102502, 25760, 38232, 51446, 64296, 77876, 89314, 102544, 25624, 38270, 51382, 64570, 77656, 89668, 102526, 25656, 38544, 51518, 64334, 78108, 89922, 102410, 25692, 38260, 51060, 63978, 77528, 90156, 103126, 25754, 38122, 51740, 64060, 78322, 89302, 103038, 25626, 38150, 50748, 64060, 78028, 90008, 102906, 25650, 38702, 51852, 64236, 78254, 90326, 102502, 25850, 38328, 51524, 63626, 77756, 89896, 102740, 25728, 38644, 51754, 63876, 77936, 90034, 102574, 25726, 38396, 51184, 64262, 77526, 90276, 103044]
[14678, 21324, 28748, 36042, 43442, 50312, 57416, 14268, 21360, 28836, 35578, 43562, 50266, 57662, 14088, 21346, 28766, 35668, 43430, 50054, 57694, 14474, 21512, 28854, 35964, 43564, 50840, 57324, 14312, 21108, 28646, 36048, 43458, 50042, 57192, 14504, 21680, 28834, 35660, 43594, 50424, 57580, 14532, 21176, 29114, 35954, 43618, 50258, 57568, 14196, 21460, 28924, 36002, 43632, 50018, 57334, 14592, 21388, 28642, 35876, 43890, 50436, 57526, 14454, 21584, 28538, 35994, 43784, 50298, 57418, 14392, 21580, 28600, 35936, 43974, 50334, 57110, 14386, 21412, 28634, 35814, 43590, 50462, 57532, 14314, 21402, 28746, 36016, 43148, 50002, 58296, 14340, 21540, 28650, 35894, 43270, 49956, 57336, 14528, 21532, 28826, 35788, 43434, 50294, 57270, 14354, 21414, 28440, 36106, 43656, 50196, 57016, 14224, 21412, 28814, 36024, 43760, 50352, 57590, 14234, 21440, 28894, 35822, 43382, 49840, 57712, 14466, 21544, 28716, 35902, 43380, 50164, 57584, 14390, 21348, 28856, 36010, 43318, 50164, 57424]
single_q_numses
[15429, 22578, 30374, 38313, 46361, 53133, 60912, 15077, 22700, 30482, 38113, 45997, 53041, 61190, 15175, 22368, 30646, 38447, 46015, 53341, 60658, 15047, 22962, 30702, 38315, 46395, 53595, 60882, 15217, 22780, 30382, 38067, 45849, 53377, 60604, 15285, 22880, 30354, 37951, 46121, 53207, 60980, 15105, 22824, 30354, 37833, 46245, 52989, 61086, 15319, 22656, 30262, 37973, 46265, 53235, 60482, 15169, 22742, 30606, 37935, 46469, 53213, 61192, 15189, 22656, 30566, 38105, 46117, 53137, 60968, 15271, 22706, 30402, 38349, 46101, 53489, 60802, 15161, 22974, 30374, 37917, 46419, 52695, 60838, 15213, 22712, 30656, 38113, 46147, 53301, 60970, 15083, 22734, 30348, 37821, 46103, 53235, 61144, 15319, 22698, 30240, 38145, 46317, 53545, 60880, 15167, 22624, 30744, 38221, 46263, 53325, 60764, 15321, 22918, 30198, 37855, 45967, 53263, 60522, 15289, 22830, 30276, 37855, 46305, 53281, 61102, 15155, 22716, 30338, 38057, 45905, 53383, 61124, 15385, 22520, 30226, 37825, 46273, 53315, 60862]
[23405, 35282, 47044, 58931, 71727, 82981, 94214, 23527, 35456, 47428, 59083, 71243, 82173, 94278, 23771, 35014, 47076, 58781, 71933, 82691, 94138, 23595, 35222, 47574, 58965, 71727, 82899, 94190, 23447, 35210, 47292, 59005, 71481, 82233, 94260, 23841, 35194, 47028, 58721, 70967, 82675, 94778, 23483, 35482, 47336, 58855, 71639, 82609, 94424, 23721, 35306, 47216, 59261, 71557, 82071, 93732, 23625, 35402, 47254, 59145, 71153, 82469, 94612, 23519, 35058, 47154, 59413, 71595, 82701, 93948, 23673, 35114, 47152, 59009, 71457, 82095, 94166, 23547, 35090, 47412, 59183, 71277, 82435, 93904, 23713, 35544, 47378, 59179, 71739, 82609, 94328, 23681, 35042, 46930, 58709, 71331, 83067, 94590, 23623, 35054, 47520, 58937, 71781, 82247, 94778, 23509, 35066, 46722, 58925, 71959, 82547, 94256, 23489, 35528, 47780, 59065, 72107, 82943, 94094, 23793, 35158, 47206, 58481, 71467, 82565, 94268, 23759, 35262, 47208, 58825, 71661, 82757, 94200, 23777, 35234, 47176, 59155, 70957, 82959, 94442]
[15325, 22556, 30416, 38101, 46203, 53081, 60798, 15075, 22620, 30528, 37809, 45989, 53215, 60804, 15025, 22678, 30326, 37953, 46055, 52991, 60994, 15165, 22614, 30566, 38051, 46199, 53499, 60332, 15269, 22436, 30418, 38129, 46033, 52871, 60682, 15199, 22890, 30542, 37811, 46277, 53051, 61030, 15319, 22528, 30762, 37857, 46065, 53153, 60846, 14959, 22594, 30496, 37995, 46069, 52981, 60514, 15317, 22718, 30242, 37735, 46457, 53235, 60812, 15367, 22668, 30266, 37951, 46083, 53041, 60840, 15293, 22692, 30270, 38031, 46295, 53205, 60438, 15129, 22620, 30232, 37895, 46151, 53281, 61074, 15167, 22572, 30530, 38031, 45751, 52881, 61494, 15145, 22866, 30298, 38013, 46099, 52789, 60974, 15267, 22856, 30312, 37847, 45855, 53297, 60704, 15123, 22660, 30342, 38019, 46121, 53111, 60526, 15117, 22626, 30518, 38041, 46103, 53169, 60772, 15095, 22704, 30564, 37757, 46055, 52821, 60912, 15273, 22678, 30338, 37977, 46131, 53101, 60866, 15137, 22500, 30438, 37943, 45863, 53175, 60884]
non-zero entry for P_0:
44100
non-zero entry for P_1:
418
non-zero entry for P_2:
3156
time
17320.621575832367
