lam_list
 [[0.2, 0.8, 0.0], [0.8, 0.2, 0.0], [0.2, 0.4, 0.4]]
excute_time
 0.785
epsilon_list_1
 ['0.1', '0.067', '0.05', '0.04', '0.033', '0.0286', '0.025']
sampling_time
 10
acc_reses
[0.9488467871083662, 0.9673626499865816, 0.9747568668289988, 0.9785697005837304, 0.9831389761381791, 0.9832332640152295, 0.9872817649240881, 0.9521023493074415, 0.9645664759743804, 0.9594258454157603, 0.9729760725176223, 0.9833049255661938, 0.9907619115753116, 0.9888729872495177, 0.9040329809469048, 0.9577464909026574, 0.9708195066459013, 0.9799600135061769, 0.9775479463803196, 0.9861308410806943, 0.9869499203593661, 0.949624369080018, 0.9746672940543833, 0.9755875811062766, 0.9778591867364563, 0.9826646547901342, 0.9838831173666492, 0.9863194860475938, 0.9445364932369544, 0.9514866290759091, 0.9786688280890479, 0.9801109636043794, 0.9853417644761723, 0.9698182959242934, 0.9768144827372044, 0.9594427182751699, 0.9675942048140461, 0.9789884907790425, 0.9741442720415057, 0.9805931671802629, 0.9869027633134313, 0.9907658860663191, 0.9486502857848863, 0.9689677307606192, 0.9780831953087805, 0.9743730321144, 0.9854016183055905, 0.987611911942552, 0.9873771034962158, 0.9377344288176107, 0.9691811063891643, 0.9722339018027663, 0.9747694981908333, 0.979902537871588, 0.9867512418906925, 0.9860718390318332, 0.9573748865705632, 0.9708127770844199, 0.9759206875518887, 0.974251582990803, 0.9751038040130546, 0.9875842436926262, 0.9884425498870563, 0.9383259875886023, 0.9487586907692501, 0.9760252626892362, 0.9703751798271248, 0.9830042326689394, 0.9868459135085133, 0.984718866918183]
[0.9727909384761683, 0.9876099514217727, 0.9891267283981414, 0.9891935377750829, 0.9896854268855213, 0.993382823173244, 0.9928464859752487, 0.9669696981841751, 0.9806450504790177, 0.9903234808318385, 0.9913551618751703, 0.9919888488712745, 0.9942974720239376, 0.995323452240051, 0.9691832274095391, 0.988707781125574, 0.9889164674015715, 0.9910494072872648, 0.9913921912347409, 0.9937760507126145, 0.9937117016048714, 0.9800290974159367, 0.9815380302765903, 0.9899894614180885, 0.9892858035922151, 0.991472811529016, 0.9937792197351359, 0.9928229144730036, 0.9799602739640991, 0.9846729362446451, 0.9873460549288462, 0.9880479761925608, 0.9921056358968744, 0.9936149256513586, 0.9945019536975593, 0.9795987831160028, 0.9813621501942713, 0.9886173961030841, 0.9936768018943449, 0.9920764501183955, 0.9929989093517373, 0.9942295129136903, 0.976359023518822, 0.9855288956652037, 0.981222364494689, 0.9887533457801279, 0.9900846292946869, 0.9939746581748675, 0.993415195545832, 0.9797281115910564, 0.9828843463102396, 0.9854495154944568, 0.9893684391212945, 0.9909010898163204, 0.9935619624824663, 0.9941387017510784, 0.9768296539536426, 0.974212359834093, 0.983284350066787, 0.9887651966222778, 0.9924578239844966, 0.9939207428350461, 0.9941294606737985, 0.9832107396050799, 0.9829084100464308, 0.9894988623269124, 0.9876570758921753, 0.9925285564580916, 0.9931009776387901, 0.9929723039657814]
[0.9597060317407081, 0.969034095347496, 0.9733981704973836, 0.9687202230037718, 0.9757822091355043, 0.9884318719380513, 0.9865680663218478, 0.9592185647163584, 0.9741715978983103, 0.98216808377717, 0.9859434114739618, 0.9861693991127731, 0.9883855715935701, 0.9906797072175881, 0.9349534963379043, 0.9661209029057073, 0.9760174274153195, 0.9787066782829039, 0.9813807773098542, 0.9880110917426093, 0.9908425128818674, 0.9596130057438869, 0.9733595612064296, 0.9791268542978874, 0.9860708337704381, 0.9843770975868015, 0.9889480490571575, 0.9874631795047866, 0.9502024249897927, 0.9670333436638416, 0.9786844998566924, 0.9808928562836843, 0.9833073226397515, 0.9852322255955728, 0.9860431956801226, 0.9616857901107186, 0.9717719667068926, 0.981035929316232, 0.9762441519590235, 0.9843997684309242, 0.9890910532536946, 0.9878189602565247, 0.9406995429587175, 0.9666676234337321, 0.9638943692836637, 0.9828104481530219, 0.9866689567237219, 0.9886330560378436, 0.9895175854550903, 0.9624149322675548, 0.9713433524918755, 0.981742608511737, 0.9655410492855356, 0.9866511830168507, 0.9887759417736123, 0.987508690703894, 0.9418806078053257, 0.9622923244779243, 0.9659227497694272, 0.9769093946981735, 0.9825901246474994, 0.988670080033443, 0.9879222674560397, 0.9529535322299935, 0.9710782631903003, 0.9808842355857631, 0.9824538130087052, 0.987407754342213, 0.9893358263037558, 0.9897025723831694]
CNOT_numses
[13088, 19434, 26546, 33626, 39598, 45542, 53048, 13264, 19868, 25548, 32440, 39924, 46324, 52796, 13612, 19678, 26380, 32776, 40532, 46162, 52746, 12678, 19646, 26264, 32956, 39548, 45662, 52890, 13560, 19712, 26508, 33046, 39166, 46100, 53196, 13420, 19934, 25968, 32198, 39484, 46596, 52376, 12902, 19554, 26496, 32798, 40058, 45648, 52154, 12810, 19138, 25482, 33328, 39214, 46132, 52356, 13340, 19996, 26612, 32890, 39598, 46722, 52054, 12940, 19808, 26522, 32908, 39212, 46392, 51918]
[25932, 39500, 51858, 65112, 78204, 90994, 104712, 25690, 38634, 52144, 64996, 79750, 90100, 103306, 25982, 39058, 51954, 65650, 78166, 92140, 104020, 25346, 39502, 51612, 65100, 79862, 92366, 104406, 26130, 39094, 52956, 65068, 78928, 90806, 104682, 26402, 39214, 51830, 65296, 79156, 90912, 103678, 26244, 38380, 51962, 65980, 78304, 91106, 103516, 26260, 38890, 51384, 65674, 79860, 90678, 103784, 25492, 38076, 51948, 65132, 79258, 90892, 104446, 26216, 39006, 51956, 64666, 78862, 90854, 102932]
[13210, 19714, 26056, 33320, 40292, 46426, 53574, 13372, 19874, 26316, 33400, 40934, 45970, 53860, 13296, 20262, 26796, 33316, 40562, 46430, 53080, 12792, 19932, 27124, 32924, 39936, 46724, 53518, 13422, 19654, 26854, 33640, 40594, 46070, 53276, 13310, 20172, 26680, 33320, 40718, 45818, 53610, 13264, 20050, 25926, 33052, 40020, 46470, 52962, 13446, 20484, 26294, 33494, 40348, 46864, 52794, 13486, 19548, 26422, 33340, 40094, 46468, 53296, 13462, 19820, 26562, 33596, 40126, 46284, 53584]
single_q_numses
[9017, 13255, 18151, 23116, 26553, 31012, 36515, 9119, 13595, 17245, 21842, 27249, 31778, 36317, 9351, 13387, 17873, 22362, 27791, 31300, 35621, 8521, 13283, 17633, 22190, 27073, 30788, 35791, 9359, 13499, 17991, 22722, 26595, 31388, 36537, 9363, 13513, 17691, 21934, 26879, 31858, 35751, 8727, 13387, 18161, 22220, 27047, 31178, 35615, 8843, 13019, 17547, 23006, 26771, 31440, 35703, 9043, 13785, 18337, 22428, 27197, 31938, 35387, 8725, 13731, 18151, 22758, 26623, 30918, 35711]
[14739, 22401, 28955, 36948, 43535, 51720, 59281, 14291, 21863, 29299, 36848, 45141, 50598, 57847, 14733, 22189, 29373, 37434, 43905, 52596, 58653, 13957, 22903, 29045, 36614, 44775, 52304, 59107, 14807, 21975, 30077, 36862, 44559, 51226, 59627, 14987, 22199, 29321, 36954, 44085, 51686, 58493, 14829, 21453, 29083, 37130, 43969, 51782, 58561, 14791, 22181, 28875, 37128, 45827, 50698, 58717, 14305, 21347, 29455, 36420, 45085, 51022, 58913, 15109, 22029, 29471, 36572, 44775, 50960, 58009]
[8945, 13143, 17795, 22342, 27191, 31248, 36227, 9003, 13293, 17661, 22592, 27813, 30976, 36469, 8989, 13613, 18191, 22420, 27543, 31582, 35647, 8553, 13453, 18493, 22354, 27149, 31660, 36069, 8965, 13029, 17943, 22494, 27469, 31186, 35557, 9053, 13657, 17827, 22440, 27211, 30740, 35855, 8827, 13559, 17581, 22180, 27151, 31008, 35491, 9141, 14287, 17567, 22700, 27301, 31836, 35419, 9229, 12911, 17747, 22616, 27037, 31300, 35745, 8959, 13315, 18121, 22718, 27485, 30894, 36345]
non-zero entry for P_0:
436921
non-zero entry for P_1:
1161
non-zero entry for P_2:
6196
time
371326.73385572433
lam_list
 [[0.2, 0.8, 0.0], [0.8, 0.2, 0.0], [0.2, 0.4, 0.4]]
excute_time
 0.785
epsilon_list_1
 ['0.1', '0.067', '0.05', '0.04', '0.033', '0.0286', '0.025']
sampling_time
 10
acc_reses
[0.9424378658285164, 0.9666651402300064, 0.9624403977556664, 0.980794081615164, 0.9848136068986535, 0.9867370738463729, 0.9878821498659559, 0.936573908885328, 0.9704273055847906, 0.9793839279334162, 0.9785869266772684, 0.9851653545923833, 0.9840804749742692, 0.9868909121133171, 0.9174743032247498, 0.9554526174309056, 0.9707819154835098, 0.9784069137547022, 0.9850542580756945, 0.9818086336430097, 0.9832839775064979, 0.8997565929876317, 0.9655466418517648, 0.9739174959218901, 0.9804226411680391, 0.9746894276654507, 0.9817319387249177, 0.9897789964584242, 0.949602674750684, 0.939390245887775, 0.9644032243543595, 0.9749461808704559, 0.9839120815518111, 0.9819274600183004, 0.9802210157017928, 0.9488508996001486, 0.9708295061060354, 0.9572452059145978, 0.9730835719904851, 0.986412494495345, 0.9873046240885149, 0.9871486522229476, 0.9436713173777703, 0.9679452199964931, 0.9776051314665427, 0.9727888082988043, 0.9840825756668714, 0.9871269236615882, 0.9875535664848561, 0.951992002077095, 0.9667888833153973, 0.9766473175217151, 0.9836668845762648, 0.971720372030628, 0.9828606168947036, 0.9846648527927944, 0.955323859024941, 0.9531894786825867, 0.9572943988058477, 0.9795114066783167, 0.9795816926091001, 0.9837962085377207, 0.9863369954582446, 0.9555114090971042, 0.9577751574147163, 0.9778307595127073, 0.981403445155285, 0.9866447035310862, 0.9894457560707154, 0.9899346651904457]
[0.9706276611752536, 0.9848386224905114, 0.9877245147622672, 0.9902463684246161, 0.9931629606478225, 0.991702463171399, 0.994818579008286, 0.9773608228637501, 0.9876227617213675, 0.991653133601857, 0.9916221495227315, 0.9920555978335871, 0.9939575026781025, 0.9949416439242158, 0.9698900040063596, 0.9841241532581281, 0.9881404540721361, 0.9894749982945548, 0.9937893379981277, 0.9929577965170252, 0.9942990645521483, 0.9796417362533324, 0.986292788464614, 0.9856315886889025, 0.9904293312197054, 0.9938949888286899, 0.9927512367442335, 0.9945615051807701, 0.9610111459997879, 0.9823655544300491, 0.9883053625700801, 0.9902082023701806, 0.990495058376, 0.9932299250546335, 0.9950605024888214, 0.9698096569145176, 0.9859465668393568, 0.9888846409458633, 0.9923893228281393, 0.9922534478481879, 0.9937606374826213, 0.9930990231954889, 0.9723973775678555, 0.984707999670611, 0.9877535309775873, 0.9911932246065515, 0.9902448029928829, 0.9923720005950428, 0.9937126823524214, 0.9728187214952291, 0.9845573279822201, 0.990679736584801, 0.9917888439954109, 0.9914227887904268, 0.9927993467773141, 0.9936180256891919, 0.9724443989037111, 0.9838221892486406, 0.9896904123175033, 0.9867234533477257, 0.9934332658089507, 0.9928729073701343, 0.9935733003824568, 0.9796782802534215, 0.9831482540050038, 0.9860356705598323, 0.991167566477414, 0.9880764207933097, 0.9934153944113044, 0.9941374486801546]
[0.9594386662918883, 0.9665328258786148, 0.9757180711692894, 0.9842688689691232, 0.984991242409234, 0.9901566077533746, 0.9890852126942273, 0.9504234304902776, 0.9721734539655081, 0.9714620101733695, 0.9824142010731188, 0.9810648430651919, 0.9851369265531135, 0.9863971634535885, 0.9464474061340259, 0.9779508076640699, 0.9791951626648832, 0.9838660252870431, 0.9862372071134812, 0.9887547677004259, 0.9908544638425139, 0.9642209310222702, 0.9720201843470553, 0.9818227883250937, 0.9817490250332058, 0.9844404286223801, 0.9848097917467943, 0.9907048480699767, 0.9629008663653664, 0.9583776753115526, 0.9748697618822274, 0.9851144094906857, 0.9807962396931725, 0.9873988957039742, 0.9890406341071277, 0.9581254454473707, 0.9507011942140735, 0.9774970478985364, 0.984683599175721, 0.9740760478712084, 0.9881441270819392, 0.9847332821664276, 0.961651267115584, 0.9699173960012463, 0.9773316720055614, 0.9791661582967172, 0.9780817623997983, 0.9864419149202588, 0.9869496719621453, 0.959396327690341, 0.9629224901360621, 0.9794799174250457, 0.9867767459930229, 0.9891089460702862, 0.9850010803357507, 0.9896957432606313, 0.9422666539118751, 0.9676015655427599, 0.9840025703125019, 0.9627470297702585, 0.9789171102738081, 0.9859134007870923, 0.9912079194435985, 0.9552560198443968, 0.9703869653251525, 0.9730198826803735, 0.9714739795421246, 0.9871394994429515, 0.9825322851059186, 0.9856198467322717]
CNOT_numses
[13690, 19680, 26804, 32872, 40276, 46074, 52346, 13364, 19486, 25604, 32396, 39904, 46294, 52236, 13532, 18892, 26146, 33008, 40620, 45574, 53416, 13672, 19562, 26156, 33350, 39820, 46656, 52504, 13098, 19408, 26496, 33050, 39930, 45744, 52192, 13578, 19588, 26120, 32624, 40432, 45614, 53256, 13484, 19168, 25920, 32316, 39812, 45394, 52716, 13146, 19630, 26006, 32574, 39554, 45940, 52888, 13286, 19748, 26432, 32608, 39224, 45114, 52328, 13024, 19452, 26250, 32410, 39254, 46202, 51910]
[26082, 39478, 52188, 65362, 79190, 91850, 104294, 26216, 39606, 52198, 64846, 78504, 89616, 104144, 25642, 38964, 51672, 64708, 78996, 91688, 104502, 25950, 38920, 52068, 64006, 78042, 90674, 103882, 26122, 38616, 51854, 65100, 79134, 90416, 104612, 25962, 38590, 51786, 65190, 79290, 91192, 104274, 26368, 39378, 52078, 65182, 78412, 91112, 104608, 26422, 39336, 51740, 65976, 79132, 91320, 104666, 26226, 38512, 51942, 64114, 79022, 92274, 104618, 25926, 39006, 52198, 65046, 78984, 91062, 104310]
[13210, 19790, 25692, 33478, 40572, 46966, 53336, 13758, 20132, 26744, 33588, 40256, 46154, 52778, 13060, 19626, 26214, 34114, 40570, 47064, 53484, 13376, 20106, 26908, 33494, 40992, 46304, 53474, 13504, 20130, 26690, 33580, 40592, 46390, 52944, 13272, 19990, 26966, 32588, 40226, 46320, 53508, 13644, 20020, 27128, 32470, 41064, 47432, 52896, 13308, 19826, 26292, 33350, 39666, 46926, 53454, 13592, 20766, 27508, 32866, 39846, 46024, 53482, 13430, 20044, 26300, 33144, 39408, 46464, 53316]
single_q_numses
[9387, 13255, 18127, 22504, 27557, 31114, 35645, 9101, 13367, 17337, 21952, 26991, 31654, 35247, 9169, 12723, 17831, 22448, 27877, 30924, 36339, 9267, 13441, 17811, 22838, 27093, 31402, 35581, 8837, 13485, 18143, 22586, 26979, 31138, 35515, 9383, 13565, 17567, 22364, 27501, 31170, 36507, 9147, 13279, 17359, 21972, 26947, 30984, 36099, 8889, 13309, 17635, 21950, 27105, 31332, 36301, 8917, 13145, 18365, 22188, 26581, 30498, 35671, 8887, 13211, 17877, 21662, 26863, 31762, 35015]
[14747, 22555, 29741, 36660, 45005, 51512, 59175, 14963, 22647, 29639, 37058, 44509, 50338, 58525, 14499, 22099, 28979, 36272, 44687, 52118, 58899, 14633, 21787, 29069, 36266, 44001, 51202, 58705, 14919, 21615, 29021, 36696, 44327, 51166, 59393, 14597, 21847, 29217, 36864, 45187, 51548, 58965, 14857, 22163, 29487, 37154, 44677, 51176, 59047, 14881, 22135, 28871, 37520, 44897, 51774, 59135, 14683, 21659, 29383, 35900, 44517, 52206, 59359, 14447, 21979, 29729, 36906, 44215, 51724, 58811]
[8817, 13301, 17427, 22660, 27627, 31950, 35993, 9261, 13501, 17887, 22566, 27291, 30896, 35613, 8767, 13097, 17681, 23066, 27547, 31632, 35903, 8943, 13365, 18253, 22618, 28069, 31442, 36285, 9129, 13553, 17843, 22666, 27597, 31432, 35819, 8871, 13461, 18045, 21604, 27399, 31222, 35939, 9243, 13661, 18421, 21792, 27875, 32380, 35589, 8951, 13363, 17807, 22628, 26569, 31476, 35697, 9171, 14227, 18799, 22042, 26857, 30940, 36037, 8949, 13439, 18003, 22420, 26395, 31674, 35731]
non-zero entry for P_0:
436921
non-zero entry for P_1:
1161
non-zero entry for P_2:
6196
time
371334.6384835243
