lam_list
 [[1.0, 0.0, 0.0], [0.4, 0.6, 0.0], [0.4, 0.3, 0.3]]
excute_time
 0.15
epsilon_list_1
 ['0.1', '0.067', '0.05', '0.04', '0.033', '0.0286', '0.025']
sampling_time
 20
acc_reses
[0.9758666982979847, 0.984903458501671, 0.9876716138139536, 0.9906588795635237, 0.9918658733850295, 0.9925501350424561, 0.9935137629516403, 0.9772749700283231, 0.9795871973107334, 0.9887154702421646, 0.9902042150497506, 0.990937769839755, 0.994709253313769, 0.9935087563899948, 0.9804354909390223, 0.9842353466626049, 0.9873750214928809, 0.9889831544491101, 0.991820574038058, 0.9923829438442491, 0.9935768246686574, 0.9755764882087841, 0.9856935171553343, 0.987079262778859, 0.9905778214349991, 0.9915430549776701, 0.9943920374455643, 0.9943707585379765, 0.9743867006019518, 0.9852668643081468, 0.989104867050098, 0.9909235839748312, 0.9924409986187954, 0.9931679969633658, 0.994971692855422, 0.9745352277608621, 0.9860571027972028, 0.9863008880196721, 0.9888688926222463, 0.9909899842703838, 0.9931542879392232, 0.9931457043174751, 0.9752937559135539, 0.9832614070192434, 0.9877561331307892, 0.99058800986651, 0.9923669696513072, 0.9928928615314129, 0.9935030937267388, 0.973088884988148, 0.9846643370765832, 0.9855420608548626, 0.9879441269928733, 0.9910662182870431, 0.9931368231792159, 0.9940698744601427, 0.9750874042890497, 0.9856371895177671, 0.9870095262568794, 0.9899614453356309, 0.9920259120394461, 0.9923858047302473, 0.9932381510837113, 0.9758978506485718, 0.9831255828800677, 0.9886630795867323, 0.9905133248985457, 0.99190610654406, 0.9936730875261521, 0.9939883950477635, 0.9796068690793813, 0.9828210005962369, 0.9856604337800862, 0.9906224610277735, 0.9920284748078361, 0.9937707187280836, 0.9936461452974512, 0.974205921092511, 0.9834895157287793, 0.9874601424820847, 0.9903860094807037, 0.9918025734533042, 0.9924730670675777, 0.9938086278103078, 0.9746851703379472, 0.9845963122810087, 0.9902695418632252, 0.9893006708165245, 0.9912170769681745, 0.9932453037156231, 0.9941275716279604, 0.9773498787005791, 0.9845867832305091, 0.9868034722879626, 0.9904502630249216, 0.9907964469074668, 0.9933861494216709, 0.993559837498829, 0.9801722765849482, 0.9819104675265456, 0.9885509015105436, 0.9920077330279944, 0.9922244549698649, 0.9944082500832503, 0.9933085443359037, 0.9792672404819839, 0.9843162328029702, 0.9870927336023638, 0.9879928241602537, 0.9907523396553446, 0.9934614903057672, 0.9931693077096297, 0.9741366791543555, 0.9855374698740342, 0.9866929087088728, 0.9904189712196005, 0.9911909108374027, 0.9939199686097749, 0.9933899641041315, 0.977116707867508, 0.9852223999112305, 0.9887179732739078, 0.9903002988283183, 0.990186632771208, 0.9923597578151258, 0.9939256908805076, 0.9783963569434188, 0.9848861204402111, 0.9893910289573726, 0.9906833176610833, 0.9912726285454314, 0.9932710530179196, 0.992725193868137, 0.9774052561592984, 0.982896746950142, 0.9860493557132431, 0.9912971858557873, 0.9904367923846819, 0.9937661894844914, 0.9928878564665495]
[0.9739994418927391, 0.9831607382400104, 0.9881497046928571, 0.9885032786647486, 0.9919853806505259, 0.9904428138200978, 0.9933181406002165, 0.973586678562275, 0.9845073821877467, 0.9868091940975875, 0.9905801423596603, 0.9911190271856152, 0.992106556914911, 0.9936871529801519, 0.9759896051119561, 0.982224643561516, 0.9861773262846227, 0.9879656454826743, 0.9892041683809961, 0.9933151602755742, 0.9930475354293131, 0.9788680080905214, 0.9846520444539301, 0.9845241912302207, 0.9877767029274616, 0.9926420453386412, 0.9925525787477096, 0.9936943654871628, 0.9714578407715816, 0.9826234581221588, 0.9891639966000377, 0.9888346900655561, 0.991386950853327, 0.9923705458675895, 0.9934657812176373, 0.9743778210387846, 0.9831166345777941, 0.9859224558197194, 0.98917549872895, 0.9900033499769426, 0.9926179052113524, 0.9934800267228904, 0.9690323472251828, 0.9850186705780103, 0.9862835417532052, 0.9874610335386385, 0.9906934521909262, 0.9931617382903746, 0.994330048719638, 0.9704881957038393, 0.9857329747369147, 0.9869132658802856, 0.9876427650583753, 0.9910887480224154, 0.9935316448256263, 0.9931581616799694, 0.9777954227995529, 0.9838652014990393, 0.9852594755111298, 0.988826454355878, 0.9926714899109557, 0.9897485399127023, 0.99337118865062, 0.9761703618102505, 0.9819623292449644, 0.9868446588801115, 0.9893239145053357, 0.9899812348525654, 0.9914652111493206, 0.993802667332586, 0.9756684306989467, 0.9811099352352213, 0.9871838097044072, 0.9894164220657389, 0.9921142464137451, 0.9938507677861933, 0.9900010231549683, 0.9716269734278494, 0.9832848312551022, 0.9818236401006343, 0.9865388897124782, 0.9914878613029123, 0.9933971762669161, 0.9920092836465543, 0.9705036597393435, 0.9801678073061926, 0.986882567845246, 0.9916886688192694, 0.9915930041125038, 0.9933933020744025, 0.9919518232441835, 0.9740238401135077, 0.9794098759581762, 0.9850556257474745, 0.9902475478945746, 0.9903321268614582, 0.9941976072963863, 0.9921005964383299, 0.9766032133137938, 0.9825188520755048, 0.9864591957832024, 0.990741372205874, 0.9918212294800506, 0.9925025107590212, 0.9942999484812183, 0.9700306667859461, 0.9793472421933775, 0.9851512372009693, 0.9870336074868324, 0.9904299389186618, 0.9926866895859289, 0.9932717085361026, 0.9708172574271221, 0.9825484170544213, 0.9862449179630116, 0.9882988940167783, 0.9895098227063122, 0.9937019351512703, 0.9909841419432479, 0.972339931402306, 0.9794386699568454, 0.9852809937893077, 0.9873863461369897, 0.9897971154439207, 0.9920035006418374, 0.992580831319314, 0.9751329479444188, 0.9842373136538046, 0.9846574716590697, 0.991355480091669, 0.9922084808354131, 0.9931911830655922, 0.9920341968928191, 0.968997657316381, 0.9865561127827154, 0.9843411445916035, 0.9896839857938637, 0.9907929306285779, 0.9931880837319641, 0.991955996165129]
[0.9753822904046747, 0.983770730537628, 0.9850670701362152, 0.9888249703732065, 0.9908818006607863, 0.9928775430058557, 0.9937256575247583, 0.9731069816042562, 0.98125446072936, 0.9877057674258062, 0.9877415304597493, 0.9913493394900852, 0.9917482137686059, 0.9941291809106712, 0.9739775303983911, 0.9824167577037518, 0.9857710040056451, 0.9896436378553235, 0.991391360788424, 0.9923110012935933, 0.99360996542162, 0.9750934367523713, 0.9833315053588306, 0.9870392682591861, 0.9893313072284625, 0.9913665685462819, 0.9927976131750109, 0.9920904042187728, 0.9732481264496373, 0.9849835677986997, 0.9872031842860691, 0.987295627798246, 0.989679157750512, 0.9933062792026208, 0.9931873680375163, 0.9697134938358952, 0.983279112109007, 0.9882971644481227, 0.9876780553894041, 0.9888972050141127, 0.9928188920644837, 0.9936335087852071, 0.9761744963483641, 0.9837004566676903, 0.9838113964572454, 0.9905726329717022, 0.9891261471965838, 0.9923847332882588, 0.9930356740956396, 0.9784148336422437, 0.9840586284142318, 0.987877253544615, 0.9901089681812271, 0.9885196128586545, 0.9910570383958884, 0.9939627648135964, 0.9733167886735211, 0.9849147804057955, 0.9864441753187813, 0.9864798784288645, 0.9916179777144113, 0.9907823212360706, 0.9929606915421922, 0.9805717515270643, 0.9794446830896715, 0.9869317413741838, 0.9901158213946053, 0.9908699991296819, 0.9932001234397027, 0.99208158259057, 0.979619505330037, 0.981424987849268, 0.9870823045540148, 0.9902196527917986, 0.9906551243481365, 0.9927226908121307, 0.9938856959707022, 0.9741173386588152, 0.98095556607412, 0.988107442956408, 0.9892850518803752, 0.9895249673843888, 0.9926937224134813, 0.9941620829053507, 0.9647783046494574, 0.982378670065415, 0.9836689295244861, 0.9889802933845181, 0.9921622875948052, 0.9934823515570681, 0.9925667062907199, 0.9727727786185201, 0.9817417861152619, 0.9880169034300376, 0.9878963830144492, 0.9891840220220194, 0.9910296797768687, 0.9927877188051025, 0.9765961766736322, 0.9773111973487086, 0.9853047135108953, 0.9890936028885949, 0.9914866109257072, 0.9934660794124688, 0.9921037564729149, 0.9752380609542007, 0.9849696174650001, 0.9868488919557277, 0.9891483198676253, 0.9917364120483491, 0.9922192108609055, 0.9912347796692853, 0.9788821339693172, 0.9807902646505896, 0.987027172689219, 0.989872038706729, 0.9921054244064529, 0.9930042029465245, 0.9924615026174078, 0.9760927614175091, 0.9789729118460633, 0.9855573183773442, 0.990421831654985, 0.990954579194931, 0.9906033277786725, 0.9939135914361101, 0.9698833507129699, 0.9808267405005449, 0.9865063486625495, 0.9898353815170651, 0.9918120503899757, 0.9921150804346531, 0.9929087163643935, 0.972867549070124, 0.9831081648374413, 0.9874504808962179, 0.9883988506686261, 0.9896779657129902, 0.9933208824877313, 0.9929373864716057]
CNOT_numses
[29376, 44078, 58684, 73362, 89064, 102678, 117220, 29268, 43844, 58852, 74002, 89042, 102712, 117806, 29466, 43742, 58962, 73536, 89284, 103052, 117778, 29460, 44210, 58862, 73714, 89346, 103190, 117616, 29412, 43924, 58718, 73584, 89238, 102542, 117596, 29526, 44174, 59054, 73948, 89452, 103010, 118262, 29714, 43674, 58692, 73572, 89424, 103070, 117810, 29508, 44090, 58410, 73810, 89274, 103206, 117886, 29446, 44130, 58856, 73474, 89294, 103666, 117290, 29380, 44000, 58924, 74260, 88972, 102880, 117846, 29298, 44268, 58832, 73662, 89306, 103288, 118052, 29746, 44276, 58746, 73360, 89844, 103150, 117972, 29242, 44182, 58872, 73960, 88974, 103164, 117824, 29342, 44030, 58790, 73872, 89468, 103194, 118438, 29590, 43932, 58918, 73658, 89476, 103124, 117318, 29334, 43908, 59098, 73992, 89272, 103538, 117908, 29338, 43944, 58814, 73714, 89468, 103374, 118372, 29344, 43750, 58862, 73610, 89054, 102538, 117656, 29428, 44330, 58856, 73846, 89652, 102712, 117990, 29502, 43934, 58900, 73832, 89304, 102934, 118218]
[18374, 26864, 36534, 45784, 54788, 63354, 72892, 18192, 27106, 36034, 45278, 54958, 63192, 72198, 17954, 27112, 36548, 45268, 54888, 62928, 72954, 18056, 27186, 36332, 45688, 55332, 63498, 72470, 17918, 27016, 36580, 44882, 54952, 63832, 72240, 18016, 27168, 36430, 45154, 54968, 63718, 72150, 18296, 26988, 36500, 45378, 54858, 63530, 72128, 17914, 27398, 36404, 45300, 55406, 63752, 72700, 18056, 26736, 36624, 45422, 54500, 63486, 73056, 18274, 27376, 36160, 45288, 55518, 63422, 72290, 18260, 27034, 36236, 45006, 55352, 63722, 72370, 18012, 27346, 36162, 45134, 55080, 63696, 72828, 18178, 27182, 36330, 45288, 54600, 63290, 72520, 17940, 27062, 36286, 45434, 54934, 63506, 72402, 17906, 27024, 36248, 45302, 54806, 63394, 73154, 18364, 27076, 36380, 45294, 55072, 63110, 72460, 18090, 27144, 36514, 45604, 54862, 63480, 72240, 18018, 27084, 36246, 45700, 55248, 63312, 72160, 18200, 26772, 36378, 46014, 55002, 63588, 72272, 17942, 27030, 35888, 44972, 54892, 63058, 72506]
[18266, 26942, 36096, 45426, 55046, 63826, 73106, 17872, 27120, 36286, 45208, 54812, 63590, 72592, 18138, 27202, 36372, 44944, 54810, 63116, 72960, 18164, 26730, 36358, 44896, 55120, 63290, 72422, 18060, 26812, 35924, 45466, 54952, 63438, 73050, 17854, 27072, 36392, 45640, 54796, 63824, 72706, 18050, 26936, 36394, 45540, 55044, 63440, 72304, 18194, 27370, 35976, 44766, 55068, 63802, 72716, 17944, 27688, 36506, 45240, 55090, 63478, 72868, 18080, 26932, 36070, 45294, 55242, 63916, 72378, 17944, 27148, 36182, 45150, 55424, 63754, 71898, 18384, 27526, 36378, 45432, 55310, 63366, 72194, 18284, 27608, 35924, 45030, 54512, 63402, 71940, 18206, 27122, 35876, 45286, 54836, 63250, 72638, 18124, 27354, 36278, 45496, 55168, 63312, 71836, 18226, 27086, 36212, 45362, 55204, 63666, 72552, 17944, 27152, 36200, 45548, 55140, 62832, 72530, 18066, 26780, 36412, 45570, 55094, 62924, 72496, 17886, 27300, 36212, 45638, 55346, 63428, 72332, 18264, 26802, 36292, 45614, 54836, 63290, 73014]
single_q_numses
[26345, 39330, 52566, 65677, 79915, 91715, 105144, 26339, 39284, 52654, 66073, 79641, 91857, 105588, 26293, 39162, 52866, 65837, 80079, 92517, 105298, 26271, 39592, 52718, 66003, 79947, 92605, 105386, 26215, 39216, 52664, 65861, 80003, 91867, 105432, 26301, 39538, 52776, 66209, 79977, 92261, 105846, 26527, 39218, 52614, 65837, 80115, 92421, 105400, 26509, 39308, 52432, 65913, 79587, 92011, 105748, 26397, 39382, 52524, 65709, 80129, 92789, 104974, 26281, 39390, 52730, 66351, 79813, 92201, 105524, 26229, 39418, 52694, 65823, 79783, 92401, 105552, 26603, 39594, 52456, 65543, 80611, 92387, 105536, 26171, 39540, 52704, 66279, 79777, 92095, 105638, 26225, 39426, 52582, 66097, 79893, 92153, 105938, 26559, 39354, 52664, 66031, 79847, 92399, 105242, 26233, 39240, 52972, 66365, 80063, 92533, 105430, 26411, 39286, 52632, 66067, 79953, 92517, 105980, 26273, 39182, 52652, 65791, 79631, 91791, 105272, 26467, 39494, 52702, 66049, 80143, 91829, 105546, 26469, 39468, 52690, 66189, 79849, 91879, 105562]
[18193, 26804, 36144, 45239, 54537, 62871, 72394, 17977, 26980, 35680, 45025, 54645, 62813, 71648, 17871, 26970, 36302, 44989, 54481, 62571, 72374, 17929, 26948, 36054, 45319, 54803, 63027, 71962, 17767, 26954, 36370, 44599, 54557, 63051, 71744, 17911, 27078, 35996, 44877, 54595, 63291, 71716, 18139, 26870, 36192, 45053, 54505, 62975, 71674, 17883, 27272, 36112, 45035, 54911, 63131, 72166, 17961, 26676, 36452, 45023, 54139, 63235, 72438, 18103, 27158, 36008, 44947, 54905, 63003, 72108, 18087, 26882, 36154, 44763, 54851, 63323, 71946, 17917, 27140, 35986, 44999, 54591, 63095, 72198, 18191, 27074, 36076, 44889, 54081, 62981, 72234, 17741, 26912, 36000, 45101, 54437, 63149, 71952, 17897, 26784, 36092, 45045, 54509, 63025, 72424, 17983, 26870, 36204, 45169, 54549, 62817, 72110, 18017, 27032, 36224, 45359, 54589, 62913, 72046, 17917, 26844, 36032, 45283, 54835, 62689, 71960, 17951, 26748, 36256, 45487, 54513, 63157, 71934, 17765, 26806, 35614, 44719, 54437, 62947, 72154]
[18061, 26686, 35784, 45111, 54441, 63245, 72442, 17813, 26750, 36128, 44867, 54253, 62831, 71978, 18017, 27052, 36010, 44647, 54267, 62669, 72074, 18009, 26518, 36096, 44643, 54473, 62665, 71900, 17967, 26590, 35680, 45031, 54369, 62925, 72422, 17635, 26828, 36072, 45143, 54351, 63175, 72154, 17857, 26748, 36118, 45131, 54365, 62877, 71768, 18087, 27026, 35844, 44509, 54561, 63213, 72096, 17821, 27272, 36052, 45079, 54483, 62959, 72134, 17873, 26722, 35840, 44831, 54769, 63211, 72094, 17865, 26950, 36008, 44775, 54997, 63063, 71266, 18235, 27220, 35964, 45141, 54643, 62695, 71806, 18123, 27242, 35708, 44805, 54177, 62791, 71402, 17983, 26868, 35644, 45029, 54201, 62989, 72142, 18005, 26944, 35840, 44919, 54661, 62687, 71526, 17993, 26764, 35882, 44897, 54675, 63199, 71688, 17753, 26912, 36092, 45283, 54563, 62553, 71758, 17911, 26638, 36242, 45039, 54531, 62421, 71972, 17835, 26786, 36086, 45255, 54721, 62915, 71822, 18143, 26684, 35884, 45217, 54383, 62891, 72306]
time
12395.108322381973
