lam_list
 [[1.0, 0.0, 0.0], [0.4, 0.6, 0.0], [0.4, 0.3, 0.3]]
excute_time
 0.785
epsilon_list_1
 ['0.1', '0.067', '0.05', '0.04', '0.033', '0.0286', '0.025']
sampling_time
 20
acc_reses
[0.9759834002788272, 0.9910275755766532, 0.9902159673406198, 0.9906569643524457, 0.9946430075182935, 0.9914903491526433, 0.997034761233165, 0.982900998465914, 0.9847850959860589, 0.9919452286910053, 0.9893931617707851, 0.9911298444123591, 0.9948637422015087, 0.9974646479786944, 0.9814243314372564, 0.9921631133140549, 0.9908143152728913, 0.9924142067514449, 0.9908003611366882, 0.9958918560946326, 0.997073955787601, 0.9707208282298598, 0.9857822402995745, 0.9936558495395443, 0.995252179938498, 0.9929234753826097, 0.9928841169808708, 0.9933723441964759, 0.9772401784697176, 0.9874711817538628, 0.9908354319770123, 0.9921533704112312, 0.9930045561687971, 0.9929365363160189, 0.9955834556251777, 0.9822301881723604, 0.9827230349571164, 0.9914221213034397, 0.9910055141954985, 0.9900100835479659, 0.9940460922512635, 0.9927256557869854, 0.9708052247831361, 0.9896334843692924, 0.9904388064381956, 0.989467322636704, 0.9919076783223703, 0.9953890617942438, 0.9975136995807354, 0.9775155616967369, 0.9848868839697649, 0.992016856872242, 0.9938945680171241, 0.9913373002804697, 0.9941250055046044, 0.9931877841621624, 0.9785339220739377, 0.9882743183010319, 0.9858329659724211, 0.9918197914416074, 0.9897788709975976, 0.9971885237441842, 0.9965756197070128, 0.9784030408875226, 0.9915966904468557, 0.9918644584588928, 0.9922997480745704, 0.9909136826991748, 0.9936539216044524, 0.9967148071025003, 0.9857499259536555, 0.9862998351437241, 0.9913944584413149, 0.9920733355474299, 0.993093566020637, 0.993276359777567, 0.9962389868817855, 0.9819024521108206, 0.97964477455469, 0.9905437836702168, 0.9920071437517289, 0.9911106436075662, 0.9951137858057284, 0.997071748640505, 0.9787843182474967, 0.9920283316305557, 0.9929874023601758, 0.9922787725362333, 0.9946454100423276, 0.9948777720928783, 0.9976376631631151, 0.9710099353420567, 0.9853144979193951, 0.9907996219899453, 0.9922204155823703, 0.989478537829714, 0.993172899759423, 0.9943891510883983, 0.9901349488044344, 0.9896412401514642, 0.9895390118075728, 0.9877564441800838, 0.9928019322438646, 0.9926087731578884, 0.9940915766607671, 0.9732698456260701, 0.9886759077215894, 0.9850709106614833, 0.9935287537675199, 0.9934902423383958, 0.9924526346996307, 0.9948166493520594, 0.9852190315653699, 0.9882872012289876, 0.9897858309331811, 0.9941737288242134, 0.9915986293290165, 0.9909878386258617, 0.994606290798229, 0.9735932942241726, 0.9874279065427968, 0.9883955694146723, 0.9954664952179072, 0.9927989009999912, 0.9931508414923671, 0.99441306548159, 0.9758242409211465, 0.9894284554099239, 0.991516803118259, 0.9936446036536097, 0.9939179582989146, 0.9937946676730821, 0.9968138007751077, 0.9761083195950466, 0.9817479676111991, 0.9926581016184444, 0.9876117121229768, 0.9930393158970207, 0.9945591304454411, 0.9961092187256527]
[0.9615203020947087, 0.9747355853747214, 0.9660495615428853, 0.9846084226705871, 0.993754603584704, 0.9937123315675346, 0.995716253460031, 0.9610053055585949, 0.9707840580724788, 0.9831960416999176, 0.9550767842854251, 0.9910339347084989, 0.9925157038741732, 0.9926588529199792, 0.9607968356024694, 0.9776264167099041, 0.9802435731878888, 0.9852868433004083, 0.9811927492218192, 0.995126878903778, 0.986928308698733, 0.9494676798272856, 0.9749849503360812, 0.9860196290498761, 0.990059243426142, 0.994367836793402, 0.9858693254451876, 0.9936181960538298, 0.9827070752065884, 0.9898333571681017, 0.9912331719469832, 0.9865284684058752, 0.9935674313270719, 0.9772068654719959, 0.9938192737579962, 0.9565019658599854, 0.9793313134198994, 0.9780684924543864, 0.9878239928823127, 0.9799900775600238, 0.9926683251436033, 0.9905439842639817, 0.9866917832503059, 0.9798592243410272, 0.9821279903564264, 0.9902855135088336, 0.981604653647909, 0.9928707021826149, 0.9965307128614923, 0.9377839433136368, 0.9705391975525991, 0.983552380839938, 0.9827793816335884, 0.985147582829396, 0.9842898032548475, 0.9893075384278356, 0.9634936657273442, 0.9696372636282323, 0.9772496735657112, 0.982853283450701, 0.9921652324426793, 0.9916088076469046, 0.9910228597380548, 0.9850579272502745, 0.9879421110352826, 0.9735152409126145, 0.9861929022037786, 0.9924207584917185, 0.9935543824720171, 0.9929491668742892, 0.9684917141004833, 0.9787485848425881, 0.9886171886341838, 0.984847731970123, 0.9843123700664007, 0.9939974412129451, 0.9952897635297039, 0.9598888304902685, 0.9696130035737454, 0.9881681076962532, 0.988592927075104, 0.9906856985107193, 0.9921763013962205, 0.9938041408027604, 0.983920870616996, 0.9743811624010237, 0.9903042537987321, 0.9900435253265972, 0.9922483512552912, 0.9939021857064464, 0.997016026701438, 0.971303891306102, 0.9798096847898085, 0.9860962656636938, 0.9923358198355913, 0.9881868793129096, 0.9907514968453234, 0.9906400592319035, 0.9754870667232975, 0.9799634719458631, 0.9824441850334087, 0.9883622899240786, 0.9908301221864899, 0.9877123234029727, 0.9925605307661116, 0.9773290359776378, 0.9807117584005981, 0.9883637908542242, 0.9928178551063511, 0.9918604631361506, 0.9881763757151676, 0.9863254082982674, 0.9837882621223334, 0.9793743769500696, 0.9860940750947556, 0.993273506902559, 0.9888718545221726, 0.9918001813985858, 0.9929024753088422, 0.9425405788371114, 0.988656115887755, 0.982606354491097, 0.9898763123234745, 0.989418802731203, 0.9868885207658401, 0.9905569105022883, 0.9632920402534462, 0.9826687240359999, 0.9702767760060172, 0.991181340735605, 0.9909047384602718, 0.9873701673363696, 0.9961729169348251, 0.9668408108288261, 0.9880687145548982, 0.9851440542157073, 0.986025621879189, 0.9869555203146727, 0.9921945669778303, 0.993971613910653]
[0.9639169579948015, 0.9840988885225544, 0.9794685006247379, 0.9948041767927411, 0.9928920944283536, 0.98905178422794, 0.990849243816197, 0.9685917922447121, 0.9841124046022297, 0.9907016863500873, 0.988801558804261, 0.9885875643307768, 0.9911453257282418, 0.9940910506870875, 0.9837319612811639, 0.9838555425868957, 0.9919164750234246, 0.9889640419275282, 0.9929597710958495, 0.993597197854727, 0.991513522477835, 0.9594397406892798, 0.9860063691583703, 0.9845928111690646, 0.9927754431936204, 0.9904915295519942, 0.9932466268145135, 0.9933354402022107, 0.9733603342733135, 0.988284753956111, 0.9875458403216119, 0.984982440550278, 0.9909465820955407, 0.9938221483634506, 0.9948969532083524, 0.9861704488941443, 0.9826768730876807, 0.9806269109902881, 0.9939784458179142, 0.9902999413065674, 0.9936256553901254, 0.9925863949664169, 0.9833052585148362, 0.9838559939289433, 0.9868098703382758, 0.9938267062257076, 0.9945246975855014, 0.9825002853515559, 0.9957835261071337, 0.9773040518525623, 0.9859102406898378, 0.9794335957728486, 0.9831977616196149, 0.988952588790524, 0.9900505662869504, 0.9942562837641402, 0.9675130593650004, 0.9819787285660218, 0.9870629997116966, 0.985492571779872, 0.9941969708070877, 0.9870195489660744, 0.9949266072575578, 0.9849464585583831, 0.9845141607684444, 0.9916186234459646, 0.9776578273679286, 0.9876580649722574, 0.9920880777108426, 0.9917714851095498, 0.9704757007513951, 0.9862313845739417, 0.9826977325787226, 0.989904281553599, 0.9953561819977158, 0.992988615458734, 0.9936597329934103, 0.9759946201458428, 0.9687316488103266, 0.9865531604109136, 0.993564930437019, 0.9924274211424359, 0.9944670363084284, 0.992275361581263, 0.975278152771104, 0.977594942346184, 0.9816948035825434, 0.9903981398292069, 0.9868448544476404, 0.9905416418361059, 0.9892208663931312, 0.974190521992573, 0.9879716962723668, 0.9868132572559738, 0.9870874422651487, 0.9940003042936513, 0.9803206691353423, 0.9934687121814136, 0.9740348877799867, 0.9765583937790202, 0.9895750238444231, 0.9873781352140528, 0.9925975774680463, 0.9915014586987366, 0.9933940988557582, 0.9800953087293425, 0.9788444615162925, 0.985061369340414, 0.9907224497682651, 0.9923633866661363, 0.9886506609054584, 0.9954993193784014, 0.9657606574107921, 0.9847694922157674, 0.984100518178473, 0.9913454427567943, 0.9867285327816899, 0.9894362394209838, 0.9932824781838153, 0.9781035863075348, 0.9844931097426342, 0.9848601954748375, 0.9822105446451528, 0.9842338309458859, 0.9944567306791676, 0.9922525076683619, 0.975679637343623, 0.9860715564843832, 0.9828606739771387, 0.9874761975778598, 0.9908098379730629, 0.990482392450225, 0.9915471936172382, 0.9820587463081096, 0.9764886490180099, 0.9847402623617814, 0.992245870316645, 0.9895102251025965, 0.9941862593903992, 0.9919767328854501]
CNOT_numses
[16160, 23918, 32020, 40498, 49130, 55888, 64340, 16268, 23708, 32226, 40398, 49308, 56058, 64594, 16338, 23868, 32198, 40014, 49216, 56050, 64544, 16368, 24182, 32444, 40720, 48778, 56190, 64520, 16266, 24196, 32038, 40546, 48896, 56814, 64242, 16026, 24124, 32014, 40138, 48968, 56274, 64586, 16430, 23902, 32404, 40170, 48224, 56110, 64348, 16184, 23638, 32446, 40504, 48892, 56234, 63952, 16236, 24078, 32168, 40534, 49216, 56470, 64068, 16032, 24110, 32094, 39890, 48996, 56990, 64752, 16262, 23992, 32754, 40432, 48960, 56438, 64356, 16096, 24054, 32008, 40540, 48960, 56080, 64514, 16142, 24264, 32092, 40410, 48984, 56078, 64652, 16194, 24166, 32448, 40268, 48374, 56428, 64094, 15976, 24046, 32198, 40154, 48826, 56226, 65078, 16186, 24246, 32520, 40444, 49302, 56252, 65070, 16218, 23846, 32498, 40284, 49304, 56388, 64496, 16342, 23748, 32732, 40166, 48990, 56202, 63938, 16030, 24038, 32200, 40470, 49026, 55984, 63854, 16268, 24238, 32252, 40256, 48596, 56508, 64202]
[11540, 17414, 22878, 29334, 35438, 40348, 46530, 11092, 17294, 23542, 29242, 35742, 40798, 46210, 11682, 17584, 23046, 29082, 34916, 40552, 46750, 11226, 17266, 23152, 29390, 35292, 41164, 46030, 11730, 17294, 23202, 28844, 35868, 40556, 46912, 11394, 17490, 22876, 28780, 34854, 40926, 46658, 11568, 17130, 23082, 29520, 35352, 40650, 47044, 11646, 17214, 23332, 29054, 35656, 40560, 46812, 11522, 17314, 23224, 29184, 35654, 40342, 46640, 11636, 17342, 23426, 29166, 34990, 40754, 46650, 11776, 16854, 22946, 28712, 35564, 40858, 46570, 11442, 17178, 23104, 29132, 35608, 40908, 46634, 11622, 17290, 23354, 29280, 35350, 40514, 46420, 11612, 17496, 22860, 29398, 35392, 40680, 47090, 11736, 17560, 23692, 29368, 35576, 40616, 46824, 11754, 17444, 23336, 29406, 34572, 40920, 46770, 11714, 17168, 23310, 28874, 35410, 40382, 46170, 11308, 17442, 23686, 28810, 35610, 40418, 46598, 11540, 17360, 23234, 28892, 35428, 40432, 46854, 11772, 17220, 23198, 29174, 35410, 41020, 46882]
[11942, 17440, 23666, 29702, 35690, 40792, 47776, 12064, 17610, 24104, 29466, 35876, 41632, 47994, 12006, 17678, 23736, 29738, 35606, 40902, 47398, 11946, 17574, 23812, 29786, 35672, 41714, 47484, 11884, 17666, 23426, 29690, 36008, 42158, 47108, 11948, 17788, 23864, 29856, 35736, 40906, 47530, 11556, 17824, 23654, 29712, 36204, 41558, 47418, 11934, 17720, 23866, 29930, 35818, 41880, 47588, 11858, 17470, 23346, 29658, 36054, 41512, 47576, 11592, 18044, 23716, 29452, 36182, 41630, 47286, 11852, 17792, 23852, 29912, 36174, 41498, 47178, 11928, 17610, 23776, 29860, 36138, 41504, 46902, 11946, 17672, 23808, 29652, 35604, 42144, 46968, 11894, 17662, 23416, 29730, 35884, 41768, 47426, 11972, 17966, 23526, 29108, 35878, 41482, 47536, 11828, 17522, 23464, 29746, 35766, 40482, 47340, 11510, 17854, 23912, 29764, 35934, 41644, 47030, 12108, 17654, 24034, 29854, 36544, 41344, 47376, 11852, 17972, 24332, 29786, 36412, 41508, 47242, 11736, 17934, 23444, 29860, 35782, 41368, 47040]
single_q_numses
[18408, 27038, 36261, 45589, 55542, 63389, 72799, 18254, 27092, 36607, 45593, 55734, 63729, 73011, 18464, 27116, 36459, 45351, 55528, 63509, 73097, 18508, 27448, 36713, 45895, 55066, 63543, 73101, 18480, 27122, 36615, 45591, 55302, 64255, 72713, 18020, 27438, 36395, 45409, 55500, 63867, 73179, 18452, 27220, 36653, 45641, 54902, 63719, 73003, 18376, 26916, 36591, 45743, 55098, 63727, 72821, 18346, 27144, 36349, 45843, 55612, 63837, 72783, 18252, 27372, 36393, 45167, 55488, 64207, 73203, 18436, 27216, 36831, 45707, 55572, 64123, 73099, 18238, 27308, 36367, 45841, 55438, 63377, 73191, 18306, 27302, 36447, 45629, 55390, 63553, 72995, 18348, 27280, 36635, 45353, 54936, 64101, 72835, 18160, 27354, 36555, 45879, 54910, 63567, 73559, 18376, 27324, 36549, 45677, 55694, 63803, 73515, 18394, 27018, 36735, 45723, 55706, 63679, 73039, 18482, 27008, 36905, 45561, 55478, 63813, 72901, 18130, 27294, 36529, 45629, 55564, 63583, 72807, 18424, 27254, 36483, 45555, 54986, 63907, 72947]
[14754, 22014, 29499, 37051, 44922, 51379, 59067, 14442, 22042, 29689, 37129, 45164, 51787, 58883, 14860, 22154, 29397, 36899, 44794, 51609, 59355, 14504, 22120, 29411, 37091, 44868, 51815, 58579, 14820, 22046, 29509, 36831, 45116, 51723, 59129, 14762, 22174, 29465, 36893, 44536, 51593, 59139, 14752, 21926, 29473, 37111, 45002, 51599, 59393, 14794, 22090, 29561, 37005, 45250, 51561, 59289, 14650, 22172, 29523, 37199, 44930, 51451, 59041, 14774, 22066, 29799, 36891, 44682, 51713, 59323, 14794, 21824, 29289, 36539, 44754, 51815, 59373, 14570, 22030, 29437, 37105, 44996, 51757, 59073, 14800, 22028, 29593, 37021, 44802, 51567, 58969, 14738, 21980, 29311, 37243, 44798, 51537, 59291, 14824, 22182, 29773, 36957, 44896, 51667, 59029, 14754, 22092, 29551, 37053, 44262, 51629, 59051, 14800, 21986, 29613, 36867, 44876, 51563, 58953, 14556, 22118, 29747, 36767, 44786, 51427, 59359, 14774, 22018, 29541, 36851, 44866, 51457, 59375, 14866, 21974, 29449, 36951, 44782, 51839, 59115]
[14886, 22014, 29747, 37133, 44954, 51583, 59343, 14938, 22072, 29785, 36879, 45110, 52029, 59759, 14904, 22114, 29705, 37135, 44676, 51715, 59483, 14812, 22128, 29761, 37141, 44882, 52033, 59455, 14946, 22178, 29389, 37171, 45010, 52233, 59173, 14984, 22114, 29845, 37363, 44784, 51435, 59183, 14716, 22310, 29755, 37295, 45180, 52135, 59451, 14878, 22074, 29777, 37161, 44778, 52171, 59581, 14936, 21962, 29411, 37037, 45076, 52023, 59395, 14680, 22456, 29807, 36973, 45064, 52235, 59373, 14740, 22200, 29773, 37331, 45198, 51915, 59619, 14942, 21886, 29607, 37235, 45208, 52125, 59187, 14880, 22226, 29673, 37041, 44874, 52453, 59231, 14842, 22014, 29549, 37199, 44974, 52101, 59295, 14868, 22334, 29655, 36667, 45018, 52087, 59383, 14864, 21856, 29553, 37257, 44908, 51345, 59513, 14682, 22236, 29867, 37047, 44800, 51989, 59251, 14934, 22188, 29821, 37111, 45140, 51843, 59409, 14800, 22282, 30123, 37229, 45242, 51729, 59475, 14722, 22434, 29623, 37205, 44928, 51913, 59077]
time
5420.0237402915955
