lam_list
 [[1.0, 0.0, 0.0], [0.4, 0.6, 0.0], [0.4, 0.3, 0.3]]
excute_time
 0.15
epsilon_list_1
 ['0.1', '0.067', '0.05', '0.04', '0.033', '0.0286', '0.025']
sampling_time
 20
acc_reses
[0.9721881337731172, 0.9839936557463704, 0.9886422162184028, 0.9893964529758867, 0.9928396350397495, 0.9929599762688376, 0.9931149488566008, 0.9710652966705893, 0.9826948050350915, 0.98614979125495, 0.9899437438560773, 0.9913945799924178, 0.9924185875965291, 0.9939758181777151, 0.9757907391598911, 0.9862710242856614, 0.9875538950501257, 0.9883207199755676, 0.9909138091930563, 0.9921387436742762, 0.9938387274836769, 0.97374618276158, 0.9813247969876742, 0.9892966155546156, 0.9915621299140454, 0.9927181601533248, 0.9927525520329745, 0.9937467575832232, 0.9779902104723806, 0.9831748011035156, 0.9864591379737041, 0.9904494287142934, 0.9929395917135635, 0.9928196669064118, 0.9925313596384183, 0.9758221809860572, 0.9829169642891791, 0.9853026274945029, 0.9879528901831169, 0.9908078313678941, 0.9922826886182141, 0.9934906959741061, 0.9752219343840826, 0.9844906331196218, 0.9876682173208442, 0.9889898300542073, 0.9916554094970337, 0.9912816307327222, 0.9931102395400319, 0.9765567195663086, 0.9845909477222679, 0.9898971952993595, 0.9895933273947438, 0.9926311373876111, 0.99344414502288, 0.9938217405013973, 0.977111056320867, 0.9842621691907625, 0.9861800672387719, 0.990201772302943, 0.9929480557483461, 0.9924829615528006, 0.993574917320062, 0.9739916254242323, 0.9850479531999071, 0.9888060692887469, 0.9892146589213373, 0.9913440945728107, 0.9921479235505686, 0.993268430241822, 0.9784962694255598, 0.9841943383354125, 0.9875499012692823, 0.9914580588564231, 0.9913230544994764, 0.9920176267858816, 0.9938618541941202, 0.9744337226025879, 0.9831070904126601, 0.9867674783194322, 0.9894156496916515, 0.9907857776062948, 0.9915921094310415, 0.9934821726368621, 0.9724380987089173, 0.9855855125515836, 0.9851488474013673, 0.9896035792117024, 0.9918617010755205, 0.9933019282972547, 0.9932089448007743, 0.9807213022393038, 0.9862307915669983, 0.9895328303596534, 0.9903725390658633, 0.992222249925671, 0.9921343931490382, 0.9930648210742361, 0.9767450704436298, 0.9781834500628559, 0.9852511396450933, 0.9900169373130733, 0.9921444660787604, 0.9918006659103928, 0.9919383526273975, 0.9742088984471563, 0.9817442362306231, 0.9887528429757607, 0.9916781801170423, 0.9904538416251459, 0.9924643040991161, 0.9927233457714029, 0.9778698128463476, 0.9815856829536725, 0.9876173744549698, 0.9871441177864343, 0.9928036930614071, 0.9936318398749786, 0.9914829136462682, 0.9750144482781397, 0.982971848948039, 0.9866554141086741, 0.9907481074595975, 0.993261635307811, 0.993391097013907, 0.9924483300549414, 0.9778496170843723, 0.9839451912584561, 0.9867715288917707, 0.989643037505933, 0.9924119724548142, 0.9935222864188434, 0.9929926395811649, 0.9716306929048606, 0.9796571185252086, 0.9865031249306633, 0.9916599991116979, 0.991117716690261, 0.9934911727946101, 0.9929667711680847]
[0.9757102237600342, 0.981306020802299, 0.9869761483788243, 0.9890311986558938, 0.9906874358469105, 0.9925268293576082, 0.9936100245232985, 0.9788282062372688, 0.9833171427705008, 0.9837023625403221, 0.9903756977206769, 0.9901202926653779, 0.9911479949953778, 0.9933023453734727, 0.9753027130086667, 0.9843659481238131, 0.9861273184736968, 0.9918226010556646, 0.9913464189473865, 0.9922692180708588, 0.9917205580871471, 0.9797579845417578, 0.9771233965465677, 0.9859932663979359, 0.990195155277003, 0.9899101853899066, 0.9934785367166968, 0.9920246618106244, 0.973394155531209, 0.9860293901334167, 0.9873321063701694, 0.988340079795879, 0.9932082296632125, 0.9918656945229261, 0.9938670399258783, 0.9735015730887392, 0.9828051950230449, 0.9851983785631082, 0.9880939126381114, 0.9908232710175423, 0.9930352570184219, 0.9915109283061186, 0.9695940848926318, 0.9790237546653838, 0.9875861427358704, 0.9864414349538824, 0.9901055696023939, 0.9922981263304576, 0.9926977754907174, 0.9785947374422267, 0.9794111263330161, 0.9856983435787622, 0.9894508136224867, 0.9912828812056352, 0.9920969012025014, 0.9927185178353893, 0.974262073873414, 0.9828726053631587, 0.9867830343680231, 0.9888491035185399, 0.9916982055359855, 0.9908357275220087, 0.9944562913892642, 0.976449789162167, 0.9830961227594387, 0.9868156313965366, 0.9887304902345765, 0.9911857250597834, 0.9926334026229164, 0.9928005934608147, 0.970552627874941, 0.9843784570694031, 0.9892123972833318, 0.9875154514117312, 0.992157996033781, 0.991501867957558, 0.9935067897922388, 0.9737554197511598, 0.9762903452802794, 0.9860135405881806, 0.9900870923981728, 0.9918317794814467, 0.9920824170555822, 0.9929604532410169, 0.9813462497593662, 0.9806380352935409, 0.9881978664314545, 0.9889884602348739, 0.9906963706127687, 0.9932457805422359, 0.9925341607546846, 0.9738153312921491, 0.9817750454644771, 0.9861617806528662, 0.9876898530623667, 0.9937704205516085, 0.993904113885932, 0.992316305960943, 0.976023025565533, 0.9806046703140868, 0.9865744115131163, 0.9889446499956186, 0.9917168027875413, 0.9926801924434254, 0.994195103670737, 0.976028247261968, 0.9828001856884159, 0.9882655144933129, 0.9858714346160091, 0.9899783139246823, 0.9935456514814286, 0.9933567644473035, 0.9720818053412322, 0.9826321626988741, 0.9874539379381638, 0.9902349712278203, 0.9911106230106382, 0.9910961999684549, 0.9899415981304137, 0.9771240359403682, 0.9820656903143127, 0.988067507767144, 0.9916695356609483, 0.9921779036743038, 0.9916849732983074, 0.9930022358894348, 0.9777395790166318, 0.9769218583377255, 0.987877727213106, 0.988674223492993, 0.9914700987140233, 0.992639601409227, 0.9901331083990385, 0.9769906428898131, 0.9782660603681441, 0.9895473123132087, 0.9904704098678707, 0.9912660719004204, 0.9928604365825172, 0.9925079346332903]
[0.972646534531482, 0.9846306471699398, 0.9845917822728477, 0.9895827771385832, 0.9896260506648379, 0.9923226237306058, 0.99320524931916, 0.9755850635064744, 0.9824662846740071, 0.9857377432367628, 0.9893089537174283, 0.9912763834001859, 0.9935784341671542, 0.9920104742260131, 0.9742070469943157, 0.982568503694461, 0.9859925518082502, 0.9875575305090395, 0.9918508545353083, 0.9939066172238612, 0.9921970372426543, 0.9744539269060472, 0.9795668127583446, 0.9857915052060472, 0.9881452322012736, 0.9904299986141796, 0.9927833685431795, 0.9921227100643012, 0.9743945036694271, 0.9848961254718406, 0.9866402782793873, 0.9868322610931597, 0.991072655016874, 0.993486821793769, 0.9935813546225792, 0.9734910728670293, 0.9821668270182199, 0.9858081373171421, 0.9879177810819146, 0.9921574592642816, 0.9932295087098039, 0.9924407601373625, 0.9767183686675162, 0.9854791200454036, 0.9858171345019949, 0.9881298554718132, 0.9900544286287185, 0.992336452336133, 0.9916306734850867, 0.9727448363736702, 0.9776589872103154, 0.9870980401272319, 0.9895617398334907, 0.9897871618715345, 0.9927738906373684, 0.9919654132436648, 0.9746137364106967, 0.9805959521380844, 0.9879165294988242, 0.9875973474442381, 0.9903349891061046, 0.9932745697753309, 0.9925032854409419, 0.9717003345831491, 0.9842534740624178, 0.9863153100209631, 0.9899371266850693, 0.990625383613023, 0.9925461412832869, 0.9930187464268432, 0.9770466127911961, 0.9758036733164055, 0.9879096792559676, 0.9874538199827196, 0.9921322467247299, 0.9913550029129125, 0.993005216184413, 0.9767233758164373, 0.9810320736029009, 0.9868411438996176, 0.9905612469908384, 0.9915501495559615, 0.9936629534445036, 0.9918746966427313, 0.9751630510113153, 0.977023959384394, 0.9871969822887655, 0.9889676575018765, 0.9909504656802526, 0.9918686747578348, 0.9939370155562312, 0.9786477687154588, 0.9826719827434577, 0.9854500327167546, 0.9876956352918952, 0.9912597538020214, 0.9926580786887659, 0.9923139810562444, 0.977529288186478, 0.9835807687850702, 0.9897430539161446, 0.9884468349097786, 0.9913648963746555, 0.9917570956925059, 0.9917057157258536, 0.9731590345151351, 0.9819812178621401, 0.987287342994401, 0.9888015985490188, 0.9905392535914607, 0.9922909140595114, 0.9919440150741692, 0.9742296452636509, 0.9783481359503069, 0.9864239105530935, 0.9865499736144541, 0.9938317538817023, 0.9921115642728863, 0.9918863776560833, 0.9730519056937308, 0.9811202293527141, 0.9883657700137148, 0.9884099993302775, 0.9889158014351056, 0.9922511578226372, 0.9930837750615483, 0.9705686003876665, 0.9801955851455728, 0.9874489912694437, 0.9890903835994097, 0.9909980300471359, 0.9923807978864967, 0.992322565110216, 0.9743028572020777, 0.9812357440743044, 0.9889577637451968, 0.9902822991393299, 0.9916419993545551, 0.993551969600725, 0.9921913152891234]
CNOT_numses
[32102, 48054, 64596, 80596, 97358, 112680, 128188, 32190, 47846, 64342, 80776, 97166, 112060, 128282, 32234, 48070, 64570, 80442, 97456, 112852, 128768, 32244, 48018, 64286, 80710, 97504, 112372, 128992, 32136, 47744, 64580, 80234, 97370, 111890, 128212, 32224, 47948, 63988, 80652, 97396, 111946, 128730, 31900, 47996, 64392, 80424, 97492, 112398, 128724, 32154, 47808, 64194, 79974, 97744, 112204, 128532, 32346, 47684, 64374, 80430, 97076, 112948, 128588, 32070, 47932, 64048, 80398, 97286, 112254, 128236, 32102, 47908, 64610, 80292, 97416, 112218, 128920, 32346, 48170, 64024, 80694, 97598, 112566, 129008, 32326, 48070, 64384, 80216, 97314, 112372, 128890, 32412, 48072, 64568, 80662, 97968, 112526, 128702, 32234, 48030, 64262, 80662, 97570, 112016, 129014, 32386, 47976, 64470, 80848, 97604, 112216, 129064, 32224, 48196, 64310, 80636, 97384, 112210, 128678, 32354, 48142, 64620, 80184, 97840, 112246, 128830, 32244, 48152, 64546, 80202, 97424, 112816, 128874, 32122, 47896, 64152, 80370, 96830, 112328, 128168]
[19688, 29462, 39724, 49836, 59666, 68996, 79112, 20050, 29280, 39842, 49400, 60062, 69292, 79064, 19798, 29546, 39574, 49448, 59886, 69438, 78770, 19836, 29656, 39312, 48918, 59876, 69434, 79264, 19988, 29422, 39626, 49572, 60166, 69478, 79190, 19770, 29612, 39564, 49346, 60180, 68958, 79486, 19770, 29584, 39452, 49572, 59774, 69294, 79296, 19694, 29622, 39508, 49634, 60188, 68970, 79226, 19934, 29850, 39410, 49572, 60062, 69348, 79214, 19520, 29334, 39776, 49464, 60394, 69544, 79306, 19898, 29108, 38872, 49536, 60500, 68684, 78848, 19790, 29502, 39592, 49374, 59938, 68768, 79212, 19976, 29564, 39452, 49356, 59790, 68888, 78850, 19750, 29704, 39670, 49200, 60434, 69088, 79808, 19660, 29510, 39626, 49370, 60142, 69170, 79434, 19646, 29536, 39540, 49444, 59906, 69194, 78464, 19914, 29624, 39376, 49150, 59934, 69642, 79244, 19726, 29646, 39512, 49724, 60282, 68538, 78790, 20004, 29498, 39620, 49756, 59518, 69460, 79732, 19602, 29618, 39640, 49138, 60080, 69240, 79556]
[19710, 29340, 39356, 49544, 60266, 69184, 79438, 19658, 29618, 39416, 49722, 59764, 68998, 79166, 19756, 29602, 39574, 49540, 60108, 69346, 78824, 19852, 29532, 39324, 49234, 59734, 68858, 79274, 19938, 29376, 39572, 49726, 60590, 69196, 79536, 19764, 29354, 39504, 49696, 59886, 68710, 79754, 19464, 29474, 39624, 49704, 60200, 69126, 79264, 19760, 29584, 39536, 50078, 60184, 69216, 78932, 19754, 29394, 39636, 49246, 59776, 69344, 79058, 19726, 29650, 39728, 49848, 59856, 68720, 79098, 19616, 29514, 39020, 49544, 59752, 69210, 78892, 19830, 29694, 39452, 49746, 60262, 69392, 78468, 19874, 29722, 39878, 49898, 59926, 69248, 79256, 20102, 29642, 39348, 49760, 60378, 68832, 79130, 19800, 29776, 39656, 49124, 59638, 68952, 79404, 19900, 29862, 39588, 49800, 59754, 69118, 79258, 19764, 29590, 39406, 49604, 60160, 69008, 79444, 19826, 29186, 39134, 49300, 59750, 69330, 78796, 19784, 29420, 39124, 49804, 60310, 69408, 79642, 19724, 29512, 39440, 50064, 60328, 69286, 79026]
single_q_numses
[26274, 39305, 52875, 65721, 79715, 92214, 105109, 26296, 39361, 52705, 66011, 79657, 91662, 104979, 26530, 39361, 52879, 65899, 79535, 92402, 105399, 26526, 39179, 52809, 66023, 79799, 92216, 105509, 26306, 39175, 52929, 65637, 79871, 91524, 104975, 26278, 39445, 52557, 65777, 80113, 91722, 105455, 26158, 39439, 52841, 65931, 79773, 92036, 105591, 26258, 39407, 52499, 65589, 80023, 92000, 105417, 26318, 39107, 52767, 65651, 79339, 92196, 105285, 26246, 39253, 52551, 65793, 79931, 91998, 105113, 26356, 39269, 52655, 65599, 79391, 92030, 105621, 26412, 39347, 52587, 65925, 79585, 92058, 105767, 26582, 39329, 52673, 65609, 79585, 92030, 105295, 26484, 39451, 52795, 65743, 80187, 91966, 105303, 26524, 39109, 52545, 65987, 79751, 91692, 105707, 26422, 39209, 52651, 66289, 80049, 92040, 105889, 26380, 39333, 52731, 66095, 79765, 91806, 105663, 26570, 39495, 52871, 65469, 80147, 91948, 105439, 26472, 39379, 52873, 65717, 79665, 92332, 105413, 26238, 39243, 52719, 65617, 79417, 91940, 105041]
[18610, 27655, 37329, 46873, 56205, 65144, 74603, 18882, 27661, 37503, 46743, 56545, 65534, 74293, 18766, 27725, 37325, 46675, 56345, 65392, 74353, 18702, 27883, 37057, 46307, 56233, 65326, 74643, 18804, 27715, 37269, 46677, 56445, 65460, 74535, 18628, 27903, 37215, 46601, 56699, 64960, 74773, 18672, 27737, 37199, 46759, 56489, 65338, 74569, 18622, 27871, 37273, 46829, 56675, 64890, 74697, 18754, 27977, 37113, 46707, 56737, 65332, 74521, 18474, 27671, 37317, 46773, 56643, 65534, 74785, 18602, 27497, 36825, 46933, 56847, 64900, 74363, 18558, 27777, 37341, 46487, 56403, 64918, 74431, 18724, 27913, 37273, 46643, 56337, 64830, 74205, 18560, 27903, 37401, 46501, 56769, 65236, 75165, 18534, 27757, 37423, 46603, 56321, 65374, 74893, 18660, 27827, 37231, 46633, 56663, 65198, 74147, 18700, 27897, 37167, 46467, 56243, 65494, 74663, 18692, 27745, 37185, 46683, 56869, 64676, 74581, 18858, 27779, 37159, 46977, 56449, 65268, 74795, 18538, 27571, 37431, 46443, 56471, 65104, 74913]
[18692, 27671, 37081, 46947, 56847, 65306, 74737, 18564, 27911, 37435, 47007, 56471, 65014, 74541, 18658, 27821, 37315, 46917, 56701, 65444, 74315, 18748, 27843, 37205, 46355, 56255, 65088, 74415, 18734, 27879, 37433, 46907, 57047, 65304, 75083, 18708, 27733, 37245, 46783, 56509, 64984, 75081, 18500, 27759, 37369, 46655, 56497, 65178, 74865, 18584, 27979, 37321, 47053, 56733, 65448, 74581, 18710, 27769, 37293, 46521, 56475, 65274, 74465, 18726, 28117, 37393, 46759, 56527, 64954, 74575, 18632, 27885, 36959, 46921, 56453, 65248, 74307, 18682, 27999, 37129, 46827, 56609, 65330, 74193, 18734, 27771, 37409, 46739, 56435, 65216, 74693, 18814, 27831, 37269, 46709, 56803, 64920, 74893, 18564, 27963, 37387, 46475, 56461, 65066, 74883, 18666, 28001, 37235, 46847, 56421, 65184, 74591, 18672, 27747, 37101, 46705, 56827, 65178, 75027, 18644, 27493, 37037, 46419, 56353, 65502, 74303, 18768, 27781, 37049, 46731, 56817, 65366, 74657, 18592, 28055, 37189, 46967, 56655, 65170, 74495]
time
13524.82368850708
