lam_list
 [[0.2, 0.8, 0.0], [0.8, 0.2, 0.0], [0.2, 0.4, 0.4]]
excute_time
 0.15
epsilon_list_1
 ['0.1', '0.067', '0.05', '0.04', '0.033', '0.0286', '0.025']
sampling_time
 20
acc_reses
[0.9261383426314934, 0.9634867580843108, 0.9613299972357843, 0.9778438296317723, 0.9835920297477607, 0.986924689600075, 0.9881657645495735, 0.945268027884553, 0.9634354301448922, 0.979457180024981, 0.9741863035448247, 0.9798800226547897, 0.9798381469111695, 0.9873600441365735, 0.960039970338948, 0.956654416872317, 0.9675874302057983, 0.9790064661392158, 0.9829972149320889, 0.9861322412962353, 0.9866168806029663, 0.9512465103935944, 0.9685974098321848, 0.9662969323775699, 0.9743279204323152, 0.9826074580289034, 0.9862043494706355, 0.9896712192384297, 0.9516685177572121, 0.9745025094144295, 0.9736314876694195, 0.9693130352915759, 0.9819887735390503, 0.9878465597801636, 0.9812576995108473, 0.9434453522273191, 0.9666187766863397, 0.9798988692273963, 0.982816518949943, 0.9833378251519573, 0.9839001819071377, 0.9893513864761917, 0.9421286008087822, 0.9455482298205206, 0.9650249639985284, 0.9766283094502989, 0.9841224566706697, 0.984277502835291, 0.9848884096509943, 0.9319341566327957, 0.9687126940193462, 0.9700640834036489, 0.9699907905471892, 0.9790617657454657, 0.9847853155972305, 0.9842798221519892, 0.9517071958892293, 0.947568201344003, 0.9674343496838116, 0.9811289550185839, 0.9836159933344351, 0.9840626275907295, 0.9890495785480656, 0.9529024846740457, 0.9622830250008442, 0.968411917744089, 0.979143748794384, 0.9810262648357733, 0.986192025518459, 0.986870179968728, 0.9250481493072464, 0.9609386951894278, 0.9716656571658313, 0.9634327614012609, 0.9751393606832227, 0.986221796031657, 0.9871620727975073, 0.9487534170022079, 0.9727359413386262, 0.9758764325377137, 0.9777704693726847, 0.9841445561508715, 0.9858052285034966, 0.9847860453233125, 0.9184634274076076, 0.9640834620569061, 0.9744190829318203, 0.9819146448246244, 0.9786484659087694, 0.9826935394293252, 0.9872579346129129, 0.9379958576290539, 0.961222803205804, 0.9710316775564226, 0.9836688285140142, 0.9822911008159493, 0.9782259946767098, 0.9877381063043614, 0.9470996860725619, 0.9649359765604284, 0.9771396806968988, 0.9778034913317768, 0.977793342486877, 0.985809207201738, 0.9889939981607664, 0.9606280472149845, 0.9629891773025104, 0.9644860981574562, 0.9752622833557147, 0.9818851938569619, 0.9860187785540732, 0.9870773588587078, 0.9562693742546271, 0.9579026239463035, 0.9767733269538148, 0.9736698335831616, 0.9847425064374996, 0.9815548799118826, 0.986354572648722, 0.9477522170353719, 0.9621717314956876, 0.9740686653176281, 0.9803761363912595, 0.9808410405225717, 0.9842818334647232, 0.9874662416539056, 0.9628629455257943, 0.9687289906865493, 0.9772314101980324, 0.9845270330678019, 0.9794787962373207, 0.9817459603899992, 0.9860039182469942, 0.9419912354972511, 0.9644041867136753, 0.971276510469261, 0.9764031637498547, 0.9843547169097302, 0.9805167592552178, 0.9877186348422738]
[0.9739468125795138, 0.9824742984543822, 0.9878000679592833, 0.9917618930423377, 0.9916938710365363, 0.9909307613051095, 0.9935384440261701, 0.9742275098210236, 0.9818563916110302, 0.9893905771881213, 0.9909892620041122, 0.9908322155925485, 0.9929970464603878, 0.9933695590838459, 0.976113789522097, 0.9838318124474784, 0.9869313859458061, 0.9891180600687238, 0.9919998395493133, 0.9938457406031946, 0.9948359764436575, 0.9745750629156257, 0.9829325749940557, 0.987429983259868, 0.9916069682043687, 0.9909299936642818, 0.992324482555148, 0.9938555527399746, 0.9749867203259431, 0.9851036393234575, 0.9861634387086946, 0.9895361270186926, 0.993002527295697, 0.9940041550918054, 0.9946775857722348, 0.9777058052565133, 0.9832237422989153, 0.9877891247654076, 0.9894644808937495, 0.9922301827467357, 0.9923604239094724, 0.9941214353288711, 0.9712597384098158, 0.9829847697867167, 0.989082420316783, 0.9906785290143272, 0.9920844734338065, 0.9905386342872708, 0.9925197601771565, 0.9757968576183211, 0.9827648670137717, 0.9895797823490754, 0.989541575320819, 0.9907397102715013, 0.9934652566317878, 0.9942291822273487, 0.9757505814591806, 0.980098534994233, 0.9880653652578055, 0.9912088422737003, 0.9918958388050891, 0.9932593257137952, 0.9938621656658436, 0.9750677587227295, 0.9854940942243583, 0.9888630674594363, 0.9897515264471486, 0.992448792729695, 0.9925978142736569, 0.9938256506747195, 0.9735938854625688, 0.9807808517757176, 0.986266453888314, 0.9897238921744179, 0.992516553492203, 0.990771260965058, 0.9940687487202476, 0.9760230605550828, 0.9812088271704623, 0.9848077252475737, 0.9898693360159505, 0.9917224592938455, 0.9935205623984121, 0.9938701116449447, 0.9752255603661907, 0.9799662312063171, 0.9884924176318948, 0.9903889166006764, 0.9918315076526564, 0.9924949838005732, 0.9948722067367604, 0.9753738117177989, 0.983877223821414, 0.9892647175279045, 0.9912402175267733, 0.9900555665462839, 0.9936656543922344, 0.9938859349595262, 0.9746041613218793, 0.9810429523349843, 0.9874172108468726, 0.9909066075567831, 0.9915956124762225, 0.9927806955227367, 0.9928888741187196, 0.9756667932760269, 0.9857472912993217, 0.9881862094350671, 0.9900662528345698, 0.9912416945528643, 0.9930034594668739, 0.9942319305371584, 0.9785863280577589, 0.9807029897077935, 0.9839669593062751, 0.9898751476562296, 0.9916030669219913, 0.9937508570284468, 0.9944580696528335, 0.9757269699809992, 0.9817090999058554, 0.9854331859976603, 0.988382861112296, 0.9917603957489798, 0.9926178288977173, 0.9924438890120731, 0.9741906552188873, 0.9870979058798875, 0.9862990343608506, 0.9878746023387794, 0.9920416552310982, 0.9924522592834235, 0.9939694779625345, 0.9770488546938737, 0.9837149445908058, 0.9887831574274862, 0.9903174119807172, 0.9917077699993504, 0.993339379711254, 0.9938869142786536]
[0.9495572514844419, 0.9718973399171724, 0.9757879345576326, 0.9763190854668118, 0.9820737725110813, 0.9865343832853071, 0.9894792773210184, 0.9579179614772323, 0.9629621353029036, 0.9786881807761086, 0.9819600508384101, 0.9875810849241844, 0.9831975420185559, 0.9888937903054311, 0.9469207131118331, 0.9650193274584846, 0.9765523327851556, 0.9830042861186892, 0.977712360614492, 0.985010549657425, 0.9878691095048805, 0.9589451733807557, 0.9682612802397931, 0.9786268624715241, 0.9814348559587467, 0.9864780811694254, 0.9871093783188079, 0.9862207892478895, 0.951515758099826, 0.9746352455218955, 0.9759374754599689, 0.9814646678748581, 0.9818386412433442, 0.9823246014929079, 0.9883444235527175, 0.9524990169536515, 0.9628548346334924, 0.976060849310347, 0.9857416376783552, 0.9840010710404923, 0.9889946866052844, 0.9868704859827736, 0.949732855000026, 0.9700469921036313, 0.9754061270832968, 0.977956821976856, 0.9842760288677842, 0.9888964318142841, 0.9908189814322299, 0.9522738193108178, 0.9637103912844215, 0.9763885467659992, 0.981683721127709, 0.9869890649870754, 0.9839895889932777, 0.9890521638268973, 0.9622196218714367, 0.9732508079576961, 0.979916551293412, 0.9802035363595236, 0.9880048156517389, 0.9863032372630011, 0.9860812044493538, 0.9466455680720836, 0.9732560017060106, 0.9761372623251813, 0.9770094323148113, 0.9812875154583264, 0.9851928765913222, 0.9828400661495336, 0.9467971385530571, 0.9639021450794458, 0.9770069454298571, 0.9830979124605025, 0.9869009708598386, 0.9846480997319144, 0.9857846752163482, 0.9439849319471554, 0.9687698549429204, 0.977872389493973, 0.9849891548639943, 0.9825118250692225, 0.9847028427560364, 0.9899139682096548, 0.9431561608319605, 0.9747120353254216, 0.9798674642704452, 0.9881742381930986, 0.9842037070125883, 0.986426724613694, 0.9885969150880923, 0.9617850187049958, 0.9648264171450173, 0.9798612669781314, 0.9846614595093083, 0.9811512806369214, 0.9891777360484387, 0.9858296950686942, 0.9491352867904008, 0.9710044952332184, 0.9737873809959288, 0.9821572673082378, 0.987539237991902, 0.9837548155563149, 0.9892697568642344, 0.9586959560167975, 0.9628613766751876, 0.9730969985771861, 0.9777245263323275, 0.9834055787439753, 0.9868425467046927, 0.9890516702493511, 0.9587712865193483, 0.9647785290434508, 0.9834683613778321, 0.9847304675909772, 0.9868681724226405, 0.9860395970699471, 0.9840897270846001, 0.9477250510894011, 0.9731508979878813, 0.9768077670781797, 0.9717785749193537, 0.9849393985647211, 0.9837035377325717, 0.9885135926197716, 0.9568400006273404, 0.9706576830954525, 0.9769291314617887, 0.978846948398786, 0.9853343701842358, 0.9889749531819143, 0.9870768751950748, 0.9450616210433709, 0.9675026150785278, 0.980390307820521, 0.9764049452682702, 0.9872086410939153, 0.9891162126662112, 0.9900941530277012]
CNOT_numses
[12808, 19498, 25822, 32970, 40298, 45954, 52104, 13232, 19422, 26322, 32790, 40128, 45156, 52324, 13092, 19916, 26394, 32756, 39848, 45930, 52352, 13032, 19394, 26210, 32610, 39486, 46204, 52196, 13408, 19494, 25976, 32364, 39870, 45950, 52938, 13216, 19154, 25750, 32688, 39768, 45960, 53528, 13074, 18706, 26488, 32972, 39852, 45692, 52612, 12962, 19752, 26380, 32258, 39556, 45296, 52424, 13030, 19310, 26094, 32598, 39268, 44960, 52882, 12872, 19488, 26528, 32426, 39470, 45858, 52768, 13172, 19698, 26408, 32080, 39498, 45756, 52090, 13494, 19886, 26430, 32672, 39740, 45618, 52728, 13180, 19280, 26716, 32930, 40010, 45480, 52536, 12846, 19432, 26402, 32734, 40294, 46222, 52914, 13118, 18978, 26382, 32482, 39964, 46362, 52474, 13198, 19188, 26096, 32512, 40284, 46094, 51876, 13114, 18788, 25928, 32322, 39880, 45858, 52566, 13068, 19590, 25690, 32514, 39062, 45964, 52720, 12964, 19074, 25896, 32886, 39406, 45846, 52408, 13160, 19760, 26490, 32334, 39710, 45504, 52064]
[29062, 43382, 57944, 71734, 87600, 101484, 116778, 29232, 43398, 57782, 72500, 87736, 101454, 116702, 29404, 43628, 57962, 72628, 87420, 101142, 115428, 29274, 43434, 57488, 72506, 87750, 100836, 115496, 28388, 43484, 58062, 72994, 87824, 101116, 116034, 29294, 42922, 57588, 73320, 87304, 100986, 116182, 28688, 43062, 58220, 71854, 87902, 101938, 115074, 28948, 43348, 57660, 71806, 87606, 101060, 116246, 28510, 42808, 57764, 72172, 87818, 101334, 115496, 29036, 43406, 58158, 72486, 87662, 101592, 116352, 29126, 43392, 58636, 72250, 88138, 101060, 115902, 29002, 43244, 58006, 71306, 88018, 100956, 115994, 29222, 43354, 57830, 71900, 88132, 101138, 116182, 28850, 43284, 57832, 71968, 87608, 101298, 116068, 28892, 42972, 58062, 72758, 87372, 101332, 116050, 28616, 42880, 58238, 72154, 87050, 100516, 115930, 29526, 43346, 58074, 72476, 88314, 101880, 116860, 28904, 42492, 57936, 72222, 87988, 101412, 115200, 28572, 42516, 57738, 72548, 88234, 101188, 116272, 29344, 43306, 58434, 72508, 87100, 101618, 115630]
[13494, 19566, 26746, 33450, 40386, 46966, 53192, 13346, 19828, 26922, 33326, 40494, 46378, 53284, 13190, 19476, 26480, 32986, 40314, 46326, 52630, 13224, 20240, 26374, 33568, 40310, 47152, 52868, 13200, 19372, 26426, 33326, 39952, 46350, 53550, 13528, 19814, 26662, 33444, 40674, 46326, 53140, 13428, 19850, 26566, 32974, 39784, 45914, 53320, 13574, 19770, 26812, 32798, 40026, 45748, 52794, 13244, 19630, 26346, 33282, 40160, 46178, 53238, 13506, 19904, 26738, 33430, 39836, 46804, 53424, 13276, 19920, 26964, 33170, 40250, 46246, 53234, 13424, 20016, 26308, 33568, 40154, 46614, 53982, 13248, 20130, 27000, 33376, 40304, 46526, 52658, 13254, 19936, 26244, 33344, 40196, 46776, 53570, 13206, 20216, 26092, 33468, 39998, 46406, 53032, 13324, 20116, 27058, 33430, 40442, 46420, 53480, 13462, 20036, 26730, 33610, 40162, 46008, 52464, 13244, 19942, 26322, 32768, 40412, 46626, 53024, 13414, 19980, 26408, 33600, 40090, 45810, 53322, 13404, 20066, 27078, 33292, 40730, 46820, 53602]
single_q_numses
[12837, 19467, 26099, 33033, 40386, 46277, 52434, 13241, 19431, 26367, 32943, 40092, 45369, 52780, 13105, 19939, 26523, 32859, 40106, 46117, 52292, 13119, 19557, 26367, 32783, 39650, 46117, 52328, 13323, 19503, 26165, 32393, 39972, 45937, 52912, 13335, 19275, 26005, 32743, 39862, 46049, 53542, 13173, 18795, 26551, 33259, 40010, 45621, 52502, 13181, 19807, 26383, 32399, 39704, 45595, 52166, 12997, 19603, 26399, 32765, 39708, 45059, 52896, 12987, 19503, 26569, 32581, 39700, 46131, 53008, 13203, 19737, 26435, 32239, 39654, 46107, 52270, 13533, 19939, 26509, 32673, 39964, 45973, 53024, 13151, 19393, 26631, 32935, 40060, 45541, 52714, 12913, 19601, 26727, 32917, 40308, 46227, 52716, 13071, 19363, 26497, 32727, 39744, 46333, 52728, 13181, 19565, 26123, 32725, 40280, 46329, 52242, 13111, 19069, 26103, 32545, 39880, 46121, 52882, 13133, 19829, 25959, 32817, 39584, 46265, 53066, 13043, 19359, 26173, 33003, 39664, 45881, 52596, 13129, 19805, 26403, 32211, 39850, 45513, 52200]
[24201, 36121, 48393, 59857, 73048, 84457, 97088, 24291, 36045, 48329, 60567, 73220, 84671, 97282, 24563, 36315, 48393, 60461, 73158, 84255, 96420, 24421, 36181, 47989, 60557, 73240, 84263, 96052, 23751, 36243, 48369, 60853, 73186, 84241, 96762, 24407, 35827, 48213, 61021, 72876, 84469, 97076, 23949, 35857, 48479, 60129, 73434, 84987, 96322, 24157, 36369, 48075, 60165, 73046, 84435, 97170, 23705, 35795, 48191, 60351, 73310, 84593, 96188, 24121, 36211, 48579, 60327, 73068, 84839, 97124, 24233, 36025, 48795, 60191, 73266, 84061, 96968, 24237, 36157, 48553, 59671, 73312, 84353, 96504, 24319, 36121, 48117, 59903, 73368, 84239, 96960, 23981, 36219, 48217, 60029, 73232, 84229, 96780, 24081, 35975, 48347, 60785, 73102, 84543, 96696, 23811, 35763, 48507, 60043, 72470, 84061, 96634, 24595, 36105, 48229, 60639, 73576, 84889, 97156, 24201, 35647, 48361, 60305, 73504, 84559, 96132, 23871, 35595, 48183, 60363, 73306, 84423, 96832, 24537, 36173, 48807, 60489, 72850, 85001, 96266]
[13455, 19671, 26603, 33373, 40282, 46891, 53202, 13271, 19789, 26925, 33211, 40320, 46197, 53322, 13161, 19597, 26335, 33253, 40288, 46315, 52784, 13251, 20193, 26453, 33397, 40136, 46823, 52690, 13049, 19421, 26111, 33403, 39798, 46249, 53358, 13539, 19807, 26609, 33379, 40672, 46307, 52966, 13489, 19703, 26517, 32919, 39716, 46001, 53232, 13499, 19719, 26875, 32851, 40178, 45879, 52772, 13251, 19697, 26379, 33095, 40230, 46127, 52866, 13307, 19797, 26607, 33279, 39846, 46709, 53376, 13369, 19839, 26837, 33031, 40174, 46037, 52900, 13467, 19999, 26235, 33295, 40204, 46371, 53532, 13303, 19887, 26841, 33263, 40126, 46505, 52772, 13131, 19769, 26141, 33239, 40070, 46533, 53440, 13233, 20147, 26151, 33317, 39658, 46169, 52994, 13179, 20071, 26849, 33315, 40082, 46243, 53422, 13421, 20005, 26551, 33275, 40172, 46101, 52252, 13273, 19887, 26393, 32991, 40428, 46527, 53218, 13341, 19803, 26237, 33605, 40162, 45747, 52948, 13475, 19961, 26967, 33159, 40468, 46587, 53528]
non-zero entry for P_0:
44100
non-zero entry for P_1:
410
non-zero entry for P_2:
2386
time
5910.04945731163
