lam_list
 [[1.0, 0.0, 0.0], [0.4, 0.6, 0.0], [0.4, 0.3, 0.3]]
excute_time
 2.356
epsilon_list_1
 ['0.1', '0.067', '0.05', '0.04', '0.033', '0.0286', '0.025']
sampling_time
 20
acc_reses
[0.9799048757655942, 0.9814834236352511, 0.983620168020194, 0.9901565314114329, 0.9930592776121477, 0.9924098269109383, 0.9978705644877861, 0.9687181115491311, 0.9806019130126306, 0.9906099451336792, 0.992431352551836, 0.9849475758740608, 0.9965788723129723, 0.9950530541036849, 0.9706241225095004, 0.9787461953273547, 0.9880864712024239, 0.9934625034128544, 0.9939593672824971, 0.9964128140171673, 0.9963942766191225, 0.9644748376513205, 0.9747811583750997, 0.9857269960527896, 0.9876954560290799, 0.991295890847612, 0.9931736013719171, 0.9910080433252609, 0.9719499957084414, 0.9770799283338032, 0.974791540172234, 0.9951435923950447, 0.9902068419749708, 0.9921740890761718, 0.9952011715687419, 0.9867212180931634, 0.9807697052819558, 0.9899853071196366, 0.9884032071103512, 0.9946586494016001, 0.9949758063446742, 0.9967998266377084, 0.983990252225577, 0.9797284008385293, 0.9891350871044834, 0.9883420486245216, 0.9937068224728509, 0.9946455378274454, 0.9962871671595356, 0.9735699114617314, 0.9824416083435523, 0.995179773834257, 0.9908256531042707, 0.9903320684711612, 0.9934932013844523, 0.9958836440310055, 0.9859244918472578, 0.9917335511168733, 0.9884023667557857, 0.9901084936005702, 0.9906517872519737, 0.9891798496700727, 0.9939724804274978, 0.950800673511722, 0.9819985867998808, 0.9915787586308284, 0.9927569628158783, 0.9889379744639065, 0.9920598271333813, 0.9940968350471929, 0.9722267937151079, 0.9911681416564594, 0.9872701845655223, 0.992853761027222, 0.9916189915663309, 0.9940518159914408, 0.9943016189387149, 0.9795929193633198, 0.9873906542269059, 0.991717994792808, 0.9895150664478478, 0.9959098697409593, 0.9966447950504395, 0.9966942682649629, 0.9784769609535134, 0.9784013759544146, 0.9891059445501604, 0.9899031060390516, 0.9854718068972514, 0.9890614472846584, 0.9950940014404258, 0.9815102738730345, 0.9855467081926519, 0.9885186565218954, 0.99154007467432, 0.9920833719056892, 0.9921637180342247, 0.9944243431854038, 0.9850753069103169, 0.9854184389345185, 0.9812933960315785, 0.9913215657750037, 0.993131161207651, 0.9947176582774607, 0.9951655275702689, 0.9708671106260035, 0.983386046702428, 0.9879742267019117, 0.9905300748029846, 0.9915612939755298, 0.9938105941655453, 0.9941958189046314, 0.9747342580712058, 0.9838084587032401, 0.9930795431679195, 0.990550519433657, 0.9929375649333702, 0.988694078187971, 0.9880929098610854, 0.9770776748673976, 0.9830980531095731, 0.993930041926927, 0.987576858473172, 0.9882216614208347, 0.9928591857456137, 0.9968369007394291, 0.97388723453425, 0.9777249343222885, 0.9846951011662082, 0.9891940356576014, 0.9927268029462234, 0.9952608347155478, 0.9930142233210394, 0.9686911089679116, 0.9733716059033491, 0.9923870564249287, 0.9888958343564703, 0.9928392768212235, 0.9885820228033602, 0.9924066672504206]
[0.966523966502914, 0.9882293954094025, 0.9884674563332423, 0.9910063147714877, 0.9955103994773541, 0.9945086244132025, 0.9928388598702143, 0.9832288053060223, 0.9800185182018614, 0.9847385443852712, 0.9938181643556393, 0.9935371879354378, 0.9812472465818811, 0.9951639179973676, 0.9761467827336117, 0.9876195796990372, 0.9906030377125357, 0.985503972016596, 0.9963610172558038, 0.9873067846343863, 0.9934253134428086, 0.9809929191259261, 0.988403264590514, 0.9912517666868205, 0.9915280387654385, 0.9910005334375508, 0.9918669606952539, 0.9915390020386816, 0.9776744834310159, 0.9876817529462086, 0.9890027082798726, 0.9937986733281772, 0.9944866301102393, 0.9925251028930707, 0.9949409971076272, 0.984873480268553, 0.9839833976755898, 0.9876221419639095, 0.9816406974832188, 0.9932998422843407, 0.9879530911049408, 0.9958513390568171, 0.97563531696315, 0.9807765613501204, 0.9853574140422533, 0.9935187703586204, 0.9959525466749835, 0.9947924614049677, 0.9922379854691612, 0.9512983474405682, 0.9770854577452347, 0.9778195632031134, 0.986189493545142, 0.9934863449435241, 0.9940606362146334, 0.994193732738962, 0.9575233487791861, 0.9823999250664674, 0.9825479940579627, 0.9925804736029329, 0.9793782890565159, 0.992961407686323, 0.9941254876066276, 0.980107025094141, 0.9856087858943868, 0.9897479613528312, 0.9866343144739083, 0.9900837114647205, 0.9906480911913684, 0.9954026939389615, 0.9838454345531507, 0.9759119118578138, 0.9903838160867188, 0.9805201207523834, 0.9927863511264058, 0.9930778166064821, 0.9937434792540908, 0.9785407796952533, 0.9764699902293216, 0.9842946274523774, 0.9867427804411776, 0.9934792520440027, 0.9921599640244245, 0.9953868989190473, 0.9840203656447435, 0.9901542666980557, 0.9931749816596839, 0.9942837358807968, 0.991509974009416, 0.9898138095088522, 0.9941099290069556, 0.9778056957487911, 0.9780442776807623, 0.9854013363156002, 0.9879438907723717, 0.9907965077978699, 0.9915381139742659, 0.9916979676450978, 0.9637356021793849, 0.9812639431281039, 0.990973890272054, 0.9920340785003644, 0.9934331817758397, 0.9941834217538956, 0.9905896972094432, 0.9722211146464387, 0.9817420327185551, 0.9820248821643743, 0.9865543990129221, 0.9950760012088248, 0.993074238304977, 0.9902340907855631, 0.961293311120251, 0.9880986349726519, 0.9829934771512152, 0.9938851008419245, 0.9921094248614801, 0.9845123926749285, 0.9953982837375106, 0.9749215355287598, 0.9870289008360985, 0.9897403142859535, 0.9878624677812897, 0.9907633663579646, 0.9881945089559577, 0.9933893100923831, 0.9561938860639916, 0.9809189219232349, 0.991153422908788, 0.9891674583422477, 0.9899285492869713, 0.9927351491327595, 0.9924076211530278, 0.977480890587422, 0.9825670798650128, 0.991832554868809, 0.9882842905208823, 0.9952315688935671, 0.9892770052231044, 0.9969267255976308]
[0.9736160392734613, 0.9828122304727978, 0.9790457590045785, 0.9867873896989098, 0.98923873923725, 0.9953158497849351, 0.9945985099497617, 0.9712639934571458, 0.9580774550838549, 0.9904655255788849, 0.9928861283696103, 0.9874736078742765, 0.99277269871583, 0.9923248294003485, 0.9588389894506212, 0.973291188326693, 0.9924095305282621, 0.9866125078186098, 0.9909918920007872, 0.994259060622588, 0.995496691094269, 0.9853213467395633, 0.9794235332414769, 0.9931968465648371, 0.9915581347028768, 0.9942975066160951, 0.994811893442323, 0.991608741666846, 0.9783972895701794, 0.9905128479027234, 0.9904401304403436, 0.9913939250467084, 0.9947222472479401, 0.9920000451887603, 0.9963188172111519, 0.9738045313476105, 0.9685983004384844, 0.9901291899531758, 0.9889589612042728, 0.9916626512601843, 0.9955043201774946, 0.9927287111512347, 0.9656087354651753, 0.979890025864285, 0.9927154184187329, 0.9916309248034416, 0.9925069832261363, 0.9935657386280549, 0.9951185012244189, 0.9741731900946418, 0.9873628633115872, 0.9909309152101581, 0.9924580457253619, 0.9916484966662492, 0.9898274544733066, 0.9916954840246246, 0.9689421605202344, 0.9766630831669821, 0.9844907529876542, 0.9905484929769549, 0.9920284208349043, 0.9861989784250857, 0.9953772469312804, 0.9775187495167409, 0.9842479271425713, 0.9877189489137299, 0.9858889056204069, 0.9928613909090941, 0.9926464565947081, 0.9940095550392551, 0.9568804701853173, 0.980302720650112, 0.98703836189712, 0.9867108066645959, 0.9940804258792264, 0.9890477877066564, 0.9960446958830836, 0.9833507103500705, 0.9799858485885365, 0.9939058433684825, 0.9926089683255277, 0.9946095353432123, 0.9899285461894752, 0.9925101449430531, 0.9694813490114739, 0.9895144708496085, 0.9915884738385038, 0.9821317223962561, 0.9867715566320401, 0.9873511206352589, 0.9923943281373848, 0.9594815551683276, 0.9891115428285083, 0.9883433621774429, 0.9888601356205756, 0.9904608733093867, 0.9928574563679314, 0.9927676328198027, 0.98102153594651, 0.9911451354861628, 0.9838958979396077, 0.9907738568819449, 0.9952949292583148, 0.9922778013911533, 0.9929699322278558, 0.9807205893961886, 0.9743452809339858, 0.9856094782072176, 0.9852936045373576, 0.9879545176903579, 0.9917701544022437, 0.9943005443177129, 0.9810497128597291, 0.9712727477309834, 0.9854999784234685, 0.9929863248165414, 0.9951485995538033, 0.9920992851481996, 0.9958487159276909, 0.9667212824212256, 0.9774699211950161, 0.9901760290976099, 0.9926278642046507, 0.9888512495386657, 0.988660396832495, 0.9951517603046076, 0.9728117144190245, 0.9801408735665464, 0.9843671547255841, 0.984946614663519, 0.9897298329906151, 0.993612468395896, 0.994039960105358, 0.9764623434336326, 0.9826406836563412, 0.9692766144172652, 0.993393960372376, 0.9962149858567962, 0.9936845302777495, 0.9942040443432589]
CNOT_numses
[29668, 44592, 59572, 74076, 89602, 102800, 118138, 29950, 43810, 58980, 73450, 90216, 103082, 117966, 29804, 44118, 59412, 74100, 90038, 103030, 118586, 29448, 44014, 59030, 73484, 90290, 102904, 117784, 29478, 44118, 58826, 74104, 89392, 103160, 118140, 29634, 44490, 59252, 74262, 89738, 103568, 117750, 29472, 43786, 59296, 74152, 90004, 103298, 117836, 29552, 44266, 59454, 73484, 89338, 103566, 118120, 29108, 44058, 58886, 74060, 89206, 103354, 118432, 29588, 44068, 59132, 74074, 89360, 103672, 118696, 29600, 44206, 58986, 73960, 89578, 103224, 118084, 29372, 44076, 59136, 73688, 89462, 103510, 117374, 29614, 44256, 59702, 74092, 89840, 103796, 118662, 29626, 44296, 59354, 74386, 89602, 103636, 118680, 29620, 44294, 58760, 73478, 90180, 103112, 118686, 29250, 44302, 58652, 74578, 89836, 102782, 119090, 30006, 43824, 59534, 73742, 89566, 103002, 117968, 29380, 44322, 58668, 73734, 89546, 104214, 118722, 29626, 44556, 58718, 73656, 89570, 103638, 119446, 29750, 43908, 59210, 74664, 90136, 103576, 117806]
[22890, 34324, 45638, 56692, 69634, 79924, 90980, 22872, 33630, 45430, 57182, 69186, 80218, 91550, 22804, 34292, 45470, 57046, 69148, 79740, 91246, 23060, 33628, 45360, 57342, 69684, 80230, 91758, 22824, 33974, 45708, 56854, 68898, 79920, 91380, 22970, 33690, 45714, 57038, 69500, 79938, 91630, 23134, 34194, 46154, 57362, 68956, 79782, 92218, 22952, 34052, 45742, 57404, 69168, 79622, 91030, 22762, 34026, 45598, 57008, 68918, 80500, 91684, 22714, 33806, 45490, 57296, 69208, 79622, 90588, 22738, 33798, 45452, 57182, 68862, 79770, 91758, 22882, 34400, 45362, 56958, 69488, 80190, 91492, 22760, 33854, 45258, 57446, 69348, 80194, 91402, 22836, 33844, 45158, 57712, 69400, 79772, 91066, 22710, 34246, 45770, 57628, 69286, 80020, 91090, 22980, 33978, 45268, 57308, 68984, 79288, 91328, 22550, 34118, 46082, 57096, 70008, 80214, 91416, 22970, 33784, 45530, 57152, 69362, 79852, 90982, 23178, 34412, 45648, 57336, 69092, 80056, 90958, 22802, 33790, 45708, 56664, 69062, 79676, 90928]
[23406, 34380, 45378, 57066, 69108, 80128, 90966, 23090, 34150, 45462, 57632, 69080, 79660, 91612, 22574, 34150, 45900, 57444, 69518, 80072, 92192, 22960, 34288, 46220, 57358, 69344, 79644, 92134, 23184, 34014, 45604, 57072, 69506, 80244, 92028, 22978, 34574, 45626, 57370, 69074, 79584, 91388, 22650, 33998, 46074, 57418, 69134, 79538, 91510, 22846, 33942, 45936, 57292, 69340, 80454, 91126, 22868, 34394, 45512, 57524, 69252, 79724, 92314, 23096, 34332, 45272, 57156, 69332, 80692, 91920, 23306, 33744, 45612, 56838, 69026, 80650, 92152, 22674, 34400, 46066, 57166, 68548, 80116, 91690, 22854, 34048, 46260, 56938, 69400, 79822, 91676, 22856, 34474, 46296, 57686, 68728, 80174, 92094, 22892, 34248, 45794, 57316, 69590, 79472, 92080, 22910, 33904, 45472, 57406, 68898, 80280, 90872, 23002, 33960, 45840, 56384, 69844, 80164, 91960, 22900, 33610, 45816, 57852, 69222, 80604, 90898, 22962, 34492, 45826, 57606, 69312, 80354, 92114, 22894, 34066, 46076, 57540, 69266, 79422, 92054]
single_q_numses
[15414, 23227, 30971, 38599, 46437, 53090, 61163, 15668, 22849, 30485, 37943, 46817, 53336, 61299, 15538, 22883, 30783, 38361, 46769, 53196, 61323, 15314, 22751, 30443, 38217, 47187, 53380, 60811, 15418, 22829, 30357, 38557, 46189, 53202, 61151, 15370, 23089, 30613, 38685, 46461, 53606, 60809, 15348, 22435, 30665, 38271, 46669, 53310, 60991, 15352, 23061, 30563, 37933, 46321, 53644, 61083, 14964, 22787, 30579, 38085, 46299, 53420, 61541, 15316, 22851, 30659, 38295, 46209, 53578, 61333, 15238, 22915, 30595, 38117, 46437, 53264, 61269, 15110, 22759, 30645, 38197, 46325, 53596, 60689, 15228, 23165, 31117, 38473, 46713, 54202, 61537, 15294, 22799, 30801, 38791, 46193, 53718, 61837, 15388, 22909, 30497, 38369, 46921, 53600, 61509, 15212, 23071, 30281, 38401, 46527, 53686, 61599, 15442, 22903, 30825, 38033, 46327, 53078, 61107, 15226, 22935, 30149, 38393, 46277, 53982, 61371, 15404, 23155, 30233, 38099, 46523, 53668, 62375, 15396, 22845, 30771, 38691, 46833, 53714, 60687]
[14366, 21567, 28881, 35461, 43803, 50316, 56981, 14524, 20983, 28681, 35779, 43617, 50282, 57401, 14490, 21677, 28503, 35817, 43415, 49878, 57335, 14686, 20981, 28457, 36031, 43993, 50688, 57563, 14348, 21533, 28889, 35413, 43303, 50444, 57413, 14462, 21209, 28499, 35921, 43865, 50376, 57721, 14600, 21521, 29049, 36149, 43457, 50082, 58139, 14394, 21641, 28837, 36249, 43433, 49762, 56763, 14446, 21345, 28881, 35721, 43477, 50796, 57243, 14278, 20999, 28461, 36213, 43481, 50082, 56977, 14296, 21207, 28573, 36063, 43099, 50084, 57753, 14320, 21861, 28383, 35871, 43825, 50588, 57381, 14304, 21343, 28367, 36319, 43667, 50424, 57989, 14400, 21321, 28189, 36483, 44423, 50100, 57103, 14186, 21615, 28887, 36273, 43561, 50156, 57377, 14446, 21337, 28481, 36211, 43333, 49926, 57275, 13936, 21727, 29263, 36019, 44361, 50350, 57477, 14386, 21139, 28573, 36383, 43703, 50490, 57103, 14734, 21861, 28733, 35757, 43505, 50554, 57181, 14372, 21075, 28611, 35627, 43367, 50110, 57061]
[14668, 21565, 28367, 35785, 43211, 50290, 57005, 14666, 21341, 28303, 36163, 43255, 50136, 57659, 14088, 21383, 28525, 36119, 43897, 50212, 58243, 14590, 21521, 29185, 36005, 43551, 50060, 58103, 14728, 21507, 28641, 36003, 43869, 50378, 57929, 14368, 22025, 28633, 36021, 43363, 50054, 57381, 14212, 21121, 29171, 36059, 43361, 49740, 57499, 14408, 21235, 28817, 35883, 43353, 50586, 57197, 14200, 21621, 28523, 36233, 43677, 50142, 58543, 14496, 21639, 28243, 35643, 43553, 50778, 57301, 14714, 20937, 28667, 35615, 43361, 51026, 57989, 14082, 21661, 28975, 35957, 42905, 50332, 57843, 14392, 21397, 29117, 35351, 43867, 50014, 57569, 14410, 21619, 29275, 36685, 42995, 50222, 57883, 14450, 21697, 29031, 35977, 43709, 49190, 57957, 14578, 21301, 28405, 36039, 43207, 50238, 56879, 14494, 21173, 28843, 35107, 43797, 50702, 57321, 14048, 21027, 28859, 36499, 43405, 50958, 56539, 14302, 21881, 28421, 36399, 43577, 50636, 58179, 14394, 21587, 29255, 36371, 43287, 49556, 58269]
non-zero entry for P_0:
3600
non-zero entry for P_1:
97
non-zero entry for P_2:
305
time
10497.589687108994
