lam_list
 [[1.0, 0.0, 0.0], [0.4, 0.6, 0.0], [0.4, 0.3, 0.3]]
excute_time
 0.785
epsilon_list_1
 ['0.1', '0.067', '0.05', '0.04', '0.033', '0.0286', '0.025']
sampling_time
 20
acc_reses
[0.9787743202178969, 0.9764376969248489, 0.9891898046324786, 0.9918391129814995, 0.9908198715199973, 0.9959954620357754, 0.9914243221599208, 0.9759702718394999, 0.9855313521351172, 0.9891414050097903, 0.9870024928161596, 0.9926137929190187, 0.9944162972063951, 0.9919754864981747, 0.9753604601738928, 0.983812992850612, 0.9890742925680952, 0.9932044157035548, 0.9904618284672899, 0.9931076169700455, 0.9928204433705277, 0.9662313707015612, 0.9869975450247661, 0.9874271470790886, 0.9910929209369925, 0.9925178906413967, 0.9935563820425664, 0.9916428333467922, 0.9792190524357226, 0.9842126426381573, 0.9886404299911181, 0.9897028840378898, 0.9901680366767219, 0.9923340082986988, 0.9921906608726843, 0.9777315864208808, 0.9816321864921185, 0.9878444702997461, 0.9904644519056505, 0.9899414182101756, 0.9938349161189731, 0.9934063566472858, 0.9714105335362858, 0.9851092100576992, 0.9883224415345094, 0.9901748314912765, 0.9908406152689401, 0.9944473508916789, 0.9921238426917807, 0.9717233753366099, 0.9818423406957695, 0.9845247597286212, 0.9885280169286311, 0.990844190912467, 0.9947319627364632, 0.9932284364759633, 0.9794999965584121, 0.9882203349774478, 0.9847081917721499, 0.9907968069086205, 0.9891572004267578, 0.9944180250378365, 0.9941092730605009, 0.9756961084916493, 0.9858296518228745, 0.9884725860245086, 0.9883875293334144, 0.9902411167279771, 0.9951531888824147, 0.992321133704571, 0.9733305668452832, 0.9852535156818963, 0.9877334279258216, 0.9876927267532333, 0.9918931727894357, 0.993900898122778, 0.9924196004870933, 0.9714536566887573, 0.9835252807243497, 0.9898894508497034, 0.991767943857148, 0.9904915727193175, 0.9918395281553996, 0.9946964386312737, 0.9729186784712789, 0.9843836657352701, 0.98725868809313, 0.9920094621214224, 0.9913306287467897, 0.9956678161784713, 0.9934631003617387, 0.9753755197901396, 0.98141164195344, 0.9886306524689082, 0.9895169734962658, 0.9921151399614193, 0.9932376146718458, 0.9928846957392814, 0.9786272811940664, 0.9846673018087894, 0.9887111973609339, 0.9898937945153676, 0.992025434980322, 0.9939626460935802, 0.9942605503793828, 0.9753916318885636, 0.9829493772218094, 0.9871891173607275, 0.9892076851989886, 0.9918422109309701, 0.9922651672364516, 0.993671476918617, 0.9735863805777238, 0.9853629003128475, 0.9887861686828516, 0.9905285324333309, 0.9891016490044598, 0.9947523474705797, 0.992738008759625, 0.9643898741456786, 0.9829226147089976, 0.9852731832140077, 0.9894116533375108, 0.9898935604058549, 0.9942834973355612, 0.9939731957435782, 0.9737185174433326, 0.988656759466477, 0.9881574522775181, 0.9900867966455841, 0.9904426336929452, 0.9919844872777658, 0.9921461950664935, 0.968383013250418, 0.9872260118717542, 0.9865407378894454, 0.988126053087582, 0.9900264148859287, 0.993927419218032, 0.9938700200737445]
[0.9721233941278162, 0.9687422522877832, 0.9777687802223024, 0.9877867823747878, 0.9890142684391541, 0.9909806266665934, 0.9887379409048902, 0.9684875226429014, 0.9809159074464617, 0.981452307276191, 0.986187577822667, 0.9886363887354167, 0.9941263201858299, 0.9900498391503907, 0.9617716390175447, 0.9810025693219221, 0.983984531509289, 0.9899883884220051, 0.9878159764758845, 0.9872081986493324, 0.9892654426985263, 0.9615097668898194, 0.9699208439782859, 0.9792180674899094, 0.9848273421517929, 0.9833297136707418, 0.9889260615325363, 0.9919205311134499, 0.9557452726174982, 0.9779785423019319, 0.9856465573481169, 0.9894498001952631, 0.9852109756809478, 0.9859641942191618, 0.9892066127288198, 0.9569740611629081, 0.9805946352459941, 0.9764870586177852, 0.9829700006226162, 0.9882110953888086, 0.9911034704638529, 0.9912893772397868, 0.965660438830982, 0.9797210117941634, 0.9848665595325602, 0.9787907828776454, 0.987612605493134, 0.992453462223563, 0.9873405235882942, 0.9764236808040598, 0.9655065712856499, 0.9800675046600587, 0.9864597955769943, 0.9851677004973916, 0.9929741621170437, 0.9913307439750108, 0.9679636079307024, 0.9818329879421465, 0.9833352683423124, 0.9808169687143242, 0.9881153119781195, 0.9901914114985286, 0.9915775661159062, 0.9614047299433904, 0.9740351461318537, 0.9754365313541102, 0.9875268511453436, 0.9875419172108468, 0.9881361726687387, 0.9890484932167468, 0.9682170166346546, 0.976358413799441, 0.9820547794371064, 0.9871586090202834, 0.9858928967416434, 0.9903488776300305, 0.990224778659382, 0.968719250668484, 0.9736002905682828, 0.9830565338616384, 0.9890120663985936, 0.9853419731016854, 0.9912353757849252, 0.9869613064410572, 0.9718968211884955, 0.9718207246337965, 0.9836291788775156, 0.9845045209318226, 0.9851333499925341, 0.990110339476195, 0.9886213541074185, 0.9656848068956422, 0.9747400367138269, 0.983299673459653, 0.9879505641182244, 0.989777863026611, 0.993261337305624, 0.9909590485562861, 0.9613086389286375, 0.9739336735374154, 0.9806128745216189, 0.9873817063483822, 0.9892911912067237, 0.9947895416381524, 0.9891938567199071, 0.9391630793515982, 0.9780851211192895, 0.9801842622474615, 0.9869139220651008, 0.9893028140074638, 0.9912671467083217, 0.9921644939118225, 0.9706231388121607, 0.9742215766960329, 0.9843502046301481, 0.9857287545512647, 0.9843430519106487, 0.98929363512787, 0.9908233897426716, 0.9671139259747127, 0.9793301251461207, 0.9763088932236331, 0.9854387641079672, 0.9886367330328426, 0.9857914124629705, 0.9899167501080188, 0.9710944324844527, 0.9733598503500862, 0.9803168178156392, 0.9817069201021367, 0.985890211177154, 0.9911795279181969, 0.9886500911041539, 0.9634392875913702, 0.983080988915358, 0.9757856211907613, 0.9824965773972146, 0.988199175096319, 0.991990804771768, 0.9889808298666068]
[0.9671317364072419, 0.9837867699552977, 0.9815127253650654, 0.9881296180350148, 0.9913931501383686, 0.9920679332597117, 0.9879090798764101, 0.9549146499339128, 0.9769502293700252, 0.9857543163343951, 0.9854473492286845, 0.9871961554459935, 0.9912127275031063, 0.989976883662922, 0.9638706623352875, 0.9784942300718465, 0.9834041017622237, 0.9869980216411391, 0.987608676789968, 0.9929744006861433, 0.9900786878420906, 0.9601236538525153, 0.9767092567934893, 0.9834156739947201, 0.9844933800321677, 0.9901368637436644, 0.991487861115451, 0.989366654141073, 0.9699659931939504, 0.9843630239765773, 0.9816016600691008, 0.9872844236575686, 0.9866560697740394, 0.9893713656708756, 0.9902983904581898, 0.9676863155164696, 0.983257298144825, 0.9847919408767934, 0.9828651547534837, 0.986855334945784, 0.9924789779516897, 0.9905085592697904, 0.976410577549585, 0.9812872409825946, 0.9855803924372105, 0.9897404327313575, 0.9871847637380741, 0.9906563169441892, 0.9877528593985896, 0.9686426353775285, 0.9793821536287777, 0.9846693891788061, 0.9885309351074286, 0.9872407333372878, 0.9926941398271921, 0.9893388748195048, 0.9678421032641662, 0.9784802873624693, 0.976690666514494, 0.9902139908827127, 0.9881323597994828, 0.9920426027389704, 0.9894557000992271, 0.965563714611348, 0.9755576039346526, 0.9802066851534107, 0.9874928085334617, 0.9885481644021585, 0.9907900693932574, 0.9920768748297323, 0.9563203193715631, 0.9737890520940711, 0.9838544383127396, 0.9884752658874887, 0.9891142922654901, 0.9898155375126877, 0.9890694730844897, 0.972529924374965, 0.9649047129247729, 0.9807505616048043, 0.9887703135487517, 0.9884361626208796, 0.9910506609739381, 0.991212248814195, 0.9645324742483836, 0.9789343119254121, 0.9807256901531806, 0.9890775742782072, 0.9835614020500445, 0.9917386276816041, 0.9886366743827909, 0.9693086778875193, 0.9803045000197353, 0.9826093328308502, 0.9859434370878264, 0.9857943747484911, 0.9879317340920991, 0.9900327338964325, 0.9682466388559513, 0.9783473379473856, 0.9820936973732926, 0.9870036847269303, 0.9883291236246188, 0.993394673400648, 0.9900049025975176, 0.9757511618347181, 0.9708392112694261, 0.9822692977597549, 0.9867403516522082, 0.9892421999761224, 0.9873972768907823, 0.9867753394523966, 0.9729432687134841, 0.9712591440859661, 0.9843272013455423, 0.9865464576121336, 0.9886458540111511, 0.9936041253219255, 0.9904043086409549, 0.964126412504359, 0.9770656824292797, 0.9855147021807904, 0.9812500485392487, 0.9896004868046215, 0.9922519401133431, 0.9860090024996615, 0.962883702005995, 0.9734360254254188, 0.97763199129986, 0.9859263897013483, 0.9874863695289695, 0.9904592635598191, 0.9895274639872754, 0.9740406747078043, 0.9814713071716841, 0.9825216603535584, 0.9874847535832931, 0.9855920139951744, 0.9920417072641968, 0.9895580432512964]
CNOT_numses
[55422, 83464, 111566, 139194, 168126, 193928, 222400, 55446, 83534, 110844, 138104, 167960, 194642, 222314, 55826, 83432, 111502, 138632, 168034, 194482, 222932, 55678, 83012, 111032, 138690, 168028, 194632, 222278, 55324, 82852, 111084, 139216, 168370, 194600, 223040, 55762, 83312, 111326, 138856, 168850, 194318, 222726, 55636, 82852, 111276, 138418, 168620, 194756, 222380, 55336, 83132, 110998, 138778, 168368, 194092, 222994, 55420, 82918, 111160, 139202, 169438, 194610, 222680, 55702, 83260, 111178, 139172, 168328, 194260, 222726, 55586, 83116, 111016, 139096, 169120, 195076, 222666, 55520, 82932, 110940, 139610, 168916, 194122, 222786, 55432, 82924, 110986, 139066, 168898, 194066, 222428, 55710, 83024, 111116, 138676, 168332, 194794, 222686, 55360, 82758, 111202, 139554, 168650, 193958, 222534, 55704, 83518, 110854, 138652, 168020, 193998, 222150, 55688, 83254, 110858, 138744, 169332, 194298, 222656, 55668, 82944, 111568, 138860, 168456, 194048, 222094, 55844, 82954, 111462, 139154, 168884, 194364, 222456, 55394, 82732, 111946, 138898, 168488, 194234, 223134]
[32076, 47010, 63834, 79952, 97926, 111736, 126738, 31886, 47480, 64486, 80200, 96698, 112020, 128342, 31900, 47900, 64320, 80108, 97218, 111872, 128236, 31120, 47990, 63650, 79698, 96318, 111872, 127558, 31880, 47528, 64386, 80102, 96952, 112224, 127596, 32582, 47566, 63842, 79808, 97106, 111428, 127462, 31966, 47406, 63820, 79700, 97032, 112340, 128274, 32030, 48008, 64686, 79994, 97188, 111814, 127238, 31926, 48128, 63712, 80514, 96808, 111184, 128652, 31774, 47528, 64304, 80234, 96922, 111346, 128344, 32396, 47468, 63856, 80474, 97486, 111850, 128802, 31988, 47828, 64022, 80994, 97396, 111820, 127750, 31628, 47692, 63726, 79986, 96466, 112826, 127504, 31778, 47866, 64102, 80620, 96508, 111948, 128620, 32100, 47316, 64360, 79938, 96582, 111290, 128252, 31762, 47758, 64554, 79966, 96090, 112406, 127448, 31884, 47674, 64578, 80030, 96998, 111878, 127108, 32294, 47734, 63916, 79852, 96344, 111622, 127686, 31984, 47594, 63632, 80108, 97190, 111742, 127934, 32116, 48036, 63330, 80048, 97356, 111076, 128296]
[32406, 48006, 64426, 80748, 97378, 111674, 128776, 31780, 47942, 64236, 79794, 96832, 112474, 128854, 31968, 48064, 63912, 80314, 97556, 112176, 127876, 32096, 47554, 64482, 81212, 96256, 111592, 128644, 32162, 47860, 64096, 81016, 97608, 112510, 129052, 32262, 48012, 64030, 80618, 97060, 113074, 127764, 31670, 48016, 64666, 80044, 97572, 112230, 128454, 31794, 48252, 64036, 80794, 97458, 112380, 127986, 31978, 48378, 64810, 80202, 98114, 112828, 128626, 31772, 47288, 63860, 80044, 96906, 111858, 129110, 32138, 47364, 64680, 80564, 97132, 112712, 128260, 32462, 48292, 64160, 80448, 97546, 112692, 128104, 32190, 47996, 64396, 80298, 96960, 113198, 128282, 32008, 47990, 64396, 80798, 96818, 113058, 128344, 32452, 47768, 64236, 80442, 97346, 113036, 128376, 32062, 47538, 64546, 79908, 97672, 112202, 128010, 31618, 47926, 64596, 80560, 97020, 112368, 128340, 31968, 47958, 64448, 79762, 96976, 112198, 127368, 32230, 47478, 64220, 80194, 97594, 112012, 129352, 32438, 48326, 65040, 80902, 96972, 112292, 128820]
single_q_numses
[51722, 77780, 103858, 129515, 157089, 180674, 207433, 51766, 77742, 103616, 128871, 156721, 181324, 207051, 51976, 77990, 103790, 129311, 156677, 181418, 207729, 51902, 77296, 103534, 129287, 156533, 181400, 207179, 51536, 77200, 103542, 129829, 157015, 181494, 207659, 51826, 77460, 104162, 129583, 157285, 181362, 207437, 51960, 77300, 103718, 129157, 157071, 181346, 207589, 51558, 77370, 103462, 129425, 156935, 180978, 207833, 51806, 77380, 103736, 129823, 157597, 181664, 207421, 51992, 77638, 103802, 129933, 156883, 180756, 207503, 51804, 77290, 103396, 129533, 157761, 181700, 208015, 51756, 77494, 103330, 130153, 157159, 180862, 207585, 51646, 77464, 103548, 129559, 157237, 181074, 207313, 51818, 77426, 103906, 129165, 156995, 181474, 207457, 51794, 77160, 103676, 129723, 157459, 180752, 207901, 51818, 78016, 103228, 129241, 156725, 181006, 206913, 52010, 77498, 103582, 129357, 157391, 181360, 207505, 51818, 77458, 103860, 129459, 157049, 180884, 207261, 52056, 77482, 104002, 130017, 157369, 181376, 207473, 52032, 76938, 104210, 129777, 157027, 180910, 207711]
[31672, 46576, 63084, 78875, 96647, 110086, 125383, 31354, 46884, 63464, 78905, 95353, 110530, 126837, 31736, 47248, 63358, 78803, 95595, 110276, 125939, 30824, 47220, 62882, 78891, 95445, 110362, 125789, 31508, 46962, 63286, 79217, 95465, 110730, 125799, 32188, 46756, 63030, 78625, 95931, 109624, 125511, 31608, 46862, 62842, 78815, 95655, 110552, 126337, 31536, 47218, 63518, 78909, 95555, 110396, 125933, 31686, 47254, 62962, 79385, 95123, 109804, 126601, 31324, 47018, 63380, 78921, 95557, 109854, 126243, 31782, 46868, 63058, 79573, 96073, 110488, 126893, 31512, 47334, 63078, 79979, 96191, 110146, 125899, 31188, 46902, 63050, 78787, 95067, 111488, 126193, 31392, 47206, 63266, 79307, 95383, 110444, 126587, 31608, 46744, 63242, 78685, 95453, 109932, 126853, 31382, 47222, 63492, 78835, 95359, 110734, 125807, 31514, 47138, 63676, 79277, 95529, 110288, 125455, 31768, 47076, 62972, 78661, 95203, 110440, 125537, 31502, 46976, 62888, 79141, 95715, 110196, 126163, 31914, 47408, 62640, 78889, 95617, 109460, 126455]
[31828, 47528, 64130, 80091, 96551, 110564, 127889, 31514, 47704, 63774, 79083, 95885, 111682, 127749, 31674, 47814, 63278, 79537, 97125, 111414, 126687, 31884, 47188, 63880, 80605, 95563, 111202, 127807, 31852, 47348, 63562, 80039, 96791, 111372, 128061, 32006, 47626, 63388, 80065, 96363, 112070, 126961, 31742, 47454, 64194, 79529, 97005, 111378, 127603, 31660, 47720, 63726, 80007, 96811, 111382, 127451, 31780, 47914, 64218, 79731, 97341, 112058, 127579, 31548, 46844, 63400, 79393, 96179, 111424, 127697, 32030, 47236, 64330, 80047, 95993, 111864, 127369, 32142, 47794, 63740, 79833, 96915, 111540, 126945, 31880, 47686, 63922, 79715, 96267, 112454, 127055, 31710, 47700, 63954, 80241, 96067, 112456, 127591, 32092, 47370, 63862, 79881, 96507, 112090, 127169, 31946, 47414, 64216, 79387, 96663, 111216, 127183, 31520, 47552, 64110, 79803, 96467, 111684, 127469, 31660, 47712, 64026, 79317, 96487, 111978, 126685, 32034, 47070, 63720, 79833, 96849, 111536, 128161, 32040, 47790, 64124, 80047, 96233, 111496, 127687]
time
8062.996223449707
