lam_list
 [[1.0, 0.0, 0.0], [0.4, 0.6, 0.0], [0.4, 0.3, 0.3]]
excute_time
 0.524
epsilon_list_1
 ['0.1', '0.067', '0.05', '0.04', '0.033', '0.0286', '0.025']
sampling_time
 20
acc_reses
[0.9664690742654704, 0.9894672792071062, 0.9883507982772856, 0.9909887804456274, 0.9954362519386206, 0.9939730045136262, 0.993577830271309, 0.961920535928631, 0.9779654570454359, 0.992237804746421, 0.9919530309348332, 0.995428276776246, 0.9934382009006437, 0.9958655833320016, 0.9712553463321942, 0.9868600807437523, 0.9912482116481549, 0.9882340837419197, 0.9939737194704924, 0.9926682016425282, 0.993971204461125, 0.964956779966094, 0.9824595813590524, 0.982055153721453, 0.9954363117339591, 0.992318375202336, 0.9957669494845044, 0.9946010582475079, 0.9887020660214131, 0.9938950998409158, 0.9905794232129485, 0.9837658489920762, 0.9937375900799476, 0.9892816154588578, 0.9968637574159901, 0.9616201356585818, 0.9799585719230098, 0.9913685871811231, 0.9882869042211283, 0.9940551144324518, 0.984739438753893, 0.9966787391669962, 0.9717486707200198, 0.9739621753881977, 0.9864382625080221, 0.9892053039295003, 0.9932592695532747, 0.9944554790779484, 0.9943598013426487, 0.9722960387564706, 0.9845360512158607, 0.9909269837001851, 0.9931596481063167, 0.9925758772096293, 0.9909573656370299, 0.9942256057515797, 0.9864342481743887, 0.9832214916322959, 0.992557055042876, 0.9924969700052222, 0.995460668620226, 0.9962067820818302, 0.996179570654508, 0.9780159508986945, 0.9820832837476579, 0.9820928088315082, 0.9951071056545476, 0.991653425708933, 0.9917560328647337, 0.9941407460735481, 0.9821469781685105, 0.9779276256173416, 0.9823967234307074, 0.99559514029448, 0.992489752439969, 0.9961849434541268, 0.997120148906367, 0.9750266850009935, 0.9895157207906732, 0.99424416285335, 0.9916102647424611, 0.9956381119326856, 0.9932193778245705, 0.9948750170248346, 0.9766812688050156, 0.966896804847678, 0.9923418351909467, 0.9910403602387475, 0.9958405915780638, 0.9885487772573219, 0.9943548293432342, 0.9795754015246932, 0.9824037447533978, 0.9877583652658327, 0.9870165608278729, 0.9954165771515082, 0.9925649292722577, 0.9932784624199642, 0.9848036843413769, 0.9873809046525821, 0.9865538268628689, 0.9940669888578613, 0.9917616210656082, 0.9950557112816936, 0.9942168059690105, 0.9807393144892498, 0.986372687853784, 0.9854892499590918, 0.9952036744555363, 0.9933361721282451, 0.9904614662213473, 0.9951523185238363, 0.9642278026237764, 0.9809686767312492, 0.9912777140790126, 0.9821651146011418, 0.99089265746604, 0.9946255890832713, 0.9940960866597472, 0.9762677994584024, 0.9693739946525204, 0.9920406526639578, 0.9924193735668663, 0.9866427214286577, 0.995308316923318, 0.9947617023009345, 0.9850599361213118, 0.9797800483670707, 0.9909154825265346, 0.9845942329453456, 0.9944867943674479, 0.9926022508305953, 0.9911113236210477, 0.961998191813527, 0.986084002195977, 0.991624593577447, 0.9899484358833075, 0.9911192796162878, 0.9930350064216424, 0.9967035862338323]
[0.9656222663230364, 0.9912016308951598, 0.989016027213315, 0.9763848464576004, 0.991182982659903, 0.993868424909576, 0.995967807548769, 0.9635986698195406, 0.9877502742847435, 0.9882048479114363, 0.9904345271100259, 0.9933992073775071, 0.9943496318979105, 0.9959256131582226, 0.9764448098955114, 0.9908960893413802, 0.9902284751408894, 0.9885883609354923, 0.9885881402624189, 0.9940313096968144, 0.9939303141201061, 0.9829053979697681, 0.9859441819587448, 0.981858694757442, 0.9957953461029111, 0.9863890178786963, 0.9855950293990483, 0.9959223777218028, 0.9624969869138039, 0.982363597781725, 0.9899180772806723, 0.9864858435326699, 0.9861965749192102, 0.9946581674539348, 0.9941899555394238, 0.9843258651822704, 0.9895240742227421, 0.9733267667729603, 0.9890211439769196, 0.9892053539407824, 0.9956846282168026, 0.9933401590247994, 0.9697096240893546, 0.9868365524889048, 0.9850642128031758, 0.9863574851300914, 0.9890755141194972, 0.9941124935246225, 0.9964917625283175, 0.9760475412327618, 0.9795350022823752, 0.9821193881819147, 0.9837108445421965, 0.9944571496177429, 0.9938338067931736, 0.9927660850150493, 0.981811585815563, 0.9701833363575666, 0.9962369116207994, 0.9904291470498301, 0.9925414823907555, 0.9951907683905712, 0.9955823096932874, 0.986236478461311, 0.987753185593531, 0.9813900103610329, 0.9895225249125064, 0.9830362563596755, 0.9914053570560432, 0.9945726688550154, 0.9485307130153416, 0.9871947718527911, 0.978591300392431, 0.9848704303023563, 0.9940087910439771, 0.993273794845933, 0.9940932564281542, 0.9736961332856702, 0.986396177039633, 0.991088701403188, 0.9870934411360375, 0.9960979168603269, 0.994349993860413, 0.9885701226954636, 0.9844059745841389, 0.9856830751497649, 0.9898387382829894, 0.9931921857656113, 0.9875707962561056, 0.9947019564642194, 0.9933950777254913, 0.9789449604128786, 0.9889407559711735, 0.9877685225651591, 0.9913452752995553, 0.9926046056281831, 0.9959457233051097, 0.9960404629223831, 0.9765561829874776, 0.9816315755105507, 0.9881546756692081, 0.9884119533393336, 0.9848030661415133, 0.990770114959804, 0.9914621404740804, 0.9730193261573175, 0.9811580714734056, 0.9828402448694648, 0.9912693008615797, 0.9929162738398981, 0.992794310826909, 0.9893946834385408, 0.965590400753658, 0.9823516132305434, 0.9805762468020759, 0.9854309889211244, 0.9947330092927054, 0.986533367322471, 0.9937719200071189, 0.9791502727633207, 0.9890154086295198, 0.9859956410094984, 0.9911210897892632, 0.9902381840390273, 0.9896434185535555, 0.9946564291697112, 0.9697057914970678, 0.98450515748842, 0.9917266879689243, 0.987214866624576, 0.9917830045264318, 0.9934542346209108, 0.9967682454806083, 0.9689462655309944, 0.9797558880807772, 0.9672825747797305, 0.991662372852207, 0.9957717043730745, 0.9970376215839357, 0.9919237308808374]
[0.9693947857693507, 0.98609962849629, 0.991584502243375, 0.9939763772303661, 0.9951194086422658, 0.994595711477393, 0.9936682063507322, 0.9630758505378723, 0.9809160494415243, 0.9933790901835896, 0.9920843027656288, 0.9896185004866751, 0.9959658484836266, 0.9935822419522838, 0.9790132959753044, 0.9765747021367516, 0.9894001237969259, 0.9941386621610658, 0.9889981827116305, 0.9924830102097011, 0.9966422219973167, 0.9636866237063216, 0.9690297361405189, 0.9909292512021072, 0.9899729616746088, 0.9923565951625614, 0.9916478661036602, 0.9950727683463153, 0.9703381771667031, 0.9825915140698318, 0.9928293347452609, 0.9897720619299477, 0.9875703992875252, 0.9961775522470291, 0.9942385411755649, 0.9870035576844951, 0.9806566547490274, 0.9726542803878517, 0.9905222009791519, 0.9933976897551817, 0.9942598629050295, 0.9920299200923088, 0.9804725844768747, 0.9731162851669998, 0.9903859719810404, 0.9933802668433889, 0.9933672024174268, 0.9885279835149541, 0.996001090617323, 0.9858800297019344, 0.9832797053834014, 0.9748383309479629, 0.9816158885786023, 0.9929038841400152, 0.9911132078055901, 0.9952604299934287, 0.9764975129857778, 0.9832178937266407, 0.9864705590720138, 0.9921288543433112, 0.9883587216124803, 0.9911733736323983, 0.9909278286978794, 0.9759581367939569, 0.9864599802389483, 0.9926664423420144, 0.9893109620563137, 0.9925644142373364, 0.994509803868073, 0.9957717699339131, 0.9673142310269351, 0.9919646175517768, 0.9858989238711002, 0.9900163671430188, 0.9906485729865294, 0.9946749184957275, 0.996060454490467, 0.9869456840858156, 0.9780179272406099, 0.9913734193390085, 0.9884068240774074, 0.9863071273708506, 0.9947206135119969, 0.993958505179729, 0.9752300170477137, 0.9811870336869618, 0.9749988765095087, 0.9884085962469878, 0.9889523914268302, 0.9921345333479291, 0.9960566779618679, 0.9404456916116881, 0.9797225639387227, 0.9914103248917832, 0.9945685188287607, 0.9922756169680048, 0.993127593516742, 0.9910938148082028, 0.9779667121220121, 0.9826567877166027, 0.9935465145399606, 0.9917010334796837, 0.9954413099807377, 0.9936788642307365, 0.9945178373388371, 0.9705147352663716, 0.9833504758390881, 0.9925427719441661, 0.9921889327885537, 0.993422155773956, 0.99366372374833, 0.9944566845309751, 0.9816370171293342, 0.9871584285758565, 0.9884909475235374, 0.9876020248751165, 0.9905800582322164, 0.9941436437709602, 0.9967109665024664, 0.9732039051162866, 0.9696606806238074, 0.9860023671078102, 0.9899988935405879, 0.9931537977716586, 0.9924103888411759, 0.9913214614551746, 0.9689939755775039, 0.9787828444421941, 0.987390094493748, 0.9844052556697541, 0.9942381564374613, 0.992367190856259, 0.9901798541089595, 0.9865383776125664, 0.981553982424438, 0.9912831234727225, 0.9850109574820641, 0.9745835430126079, 0.9940693742220319, 0.994524499183231]
CNOT_numses
[1516, 2240, 2824, 3726, 4530, 5172, 5864, 1506, 2182, 2920, 3678, 4488, 5202, 5972, 1466, 2224, 2966, 3730, 4612, 5086, 5774, 1458, 2232, 2984, 3722, 4322, 5144, 5924, 1520, 2194, 2964, 3718, 4418, 4984, 5818, 1468, 2322, 2870, 3706, 4430, 5100, 5930, 1506, 2186, 2852, 3668, 4610, 5184, 5854, 1476, 2200, 2836, 3606, 4464, 5052, 5776, 1440, 2208, 3026, 3790, 4546, 5180, 5802, 1524, 2132, 2904, 3590, 4260, 5128, 5882, 1430, 2186, 2898, 3584, 4460, 5170, 5748, 1410, 2176, 2946, 3600, 4426, 5218, 5860, 1472, 2248, 2874, 3626, 4548, 5070, 5724, 1414, 2170, 2968, 3534, 4430, 5108, 5616, 1472, 2272, 2844, 3732, 4506, 4932, 5832, 1508, 2208, 2936, 3650, 4486, 5032, 5864, 1456, 2084, 2974, 3722, 4424, 5186, 5790, 1440, 2226, 2876, 3606, 4606, 5172, 5926, 1432, 2120, 2986, 3534, 4384, 5158, 5790, 1442, 2122, 3022, 3616, 4410, 5188, 6020]
[1154, 1682, 2266, 2928, 3430, 3842, 4554, 1084, 1694, 2312, 2710, 3444, 4044, 4508, 1148, 1694, 2218, 2804, 3364, 4094, 4446, 1214, 1650, 2324, 2740, 3260, 3834, 4656, 1168, 1720, 2318, 2804, 3350, 3800, 4500, 1092, 1694, 2228, 2858, 3308, 3998, 4512, 1112, 1690, 2338, 2794, 3458, 3868, 4362, 1138, 1652, 2262, 2892, 3328, 3904, 4424, 1116, 1598, 2256, 2772, 3360, 3948, 4656, 1148, 1718, 2228, 2868, 3316, 3824, 4542, 1062, 1674, 2292, 2812, 3266, 4080, 4430, 1100, 1668, 2208, 2826, 3374, 3932, 4400, 1210, 1798, 2406, 2786, 3488, 3886, 4508, 1116, 1794, 2318, 2846, 3442, 3994, 4524, 1180, 1596, 2176, 2832, 3410, 4068, 4442, 1138, 1756, 2270, 2758, 3416, 3900, 4382, 1206, 1684, 2252, 2794, 3428, 3902, 4626, 1176, 1722, 2338, 2778, 3612, 3948, 4522, 1082, 1694, 2368, 2768, 3466, 3878, 4548, 1166, 1656, 2216, 3004, 3518, 3912, 4416]
[1122, 1746, 2200, 2848, 3348, 3908, 4372, 1140, 1606, 2230, 2890, 3424, 3958, 4486, 1132, 1628, 2230, 2838, 3382, 4012, 4476, 1160, 1696, 2304, 2960, 3490, 3888, 4678, 1156, 1762, 2294, 2890, 3402, 3870, 4298, 1200, 1710, 2266, 2736, 3536, 3916, 4520, 1116, 1692, 2252, 2826, 3486, 4022, 4576, 1160, 1688, 2324, 2742, 3436, 4014, 4478, 1098, 1692, 2230, 2848, 3308, 3998, 4474, 1134, 1660, 2246, 2712, 3554, 3872, 4588, 1108, 1566, 2216, 2796, 3486, 3944, 4452, 1106, 1668, 2228, 2904, 3366, 3906, 4390, 1190, 1700, 2232, 2782, 3302, 4012, 4526, 1120, 1670, 2256, 2912, 3462, 3928, 4412, 1150, 1634, 2236, 2748, 3292, 3946, 4540, 1182, 1754, 2260, 2840, 3482, 3924, 4420, 1130, 1678, 2256, 2910, 3490, 3878, 4536, 1104, 1770, 2234, 2824, 3344, 4090, 4520, 1118, 1780, 2252, 2762, 3496, 4140, 4390, 1052, 1728, 2172, 2920, 3376, 3900, 4414]
single_q_numses
[793, 1165, 1411, 1917, 2336, 2674, 3028, 769, 1185, 1525, 1893, 2356, 2766, 3080, 761, 1145, 1533, 1889, 2414, 2632, 3014, 749, 1159, 1631, 1885, 2288, 2660, 3104, 809, 1137, 1513, 1919, 2324, 2648, 3024, 755, 1209, 1457, 1945, 2324, 2644, 3094, 793, 1105, 1517, 1901, 2424, 2718, 3014, 757, 1153, 1461, 1881, 2312, 2578, 2992, 751, 1151, 1567, 1977, 2396, 2652, 3000, 789, 1097, 1529, 1835, 2216, 2722, 2984, 733, 1113, 1471, 1903, 2388, 2686, 2916, 753, 1113, 1505, 1853, 2292, 2626, 3002, 769, 1201, 1519, 1917, 2372, 2548, 2954, 745, 1141, 1525, 1757, 2306, 2674, 2896, 745, 1193, 1463, 1917, 2352, 2508, 3010, 785, 1137, 1545, 1881, 2304, 2568, 3066, 729, 1085, 1545, 1947, 2336, 2712, 3010, 753, 1111, 1465, 1869, 2414, 2694, 3024, 773, 1085, 1571, 1757, 2276, 2720, 2986, 753, 1105, 1577, 1853, 2272, 2700, 3220]
[729, 1033, 1401, 1913, 2262, 2420, 2886, 685, 1069, 1469, 1673, 2142, 2546, 2854, 701, 1061, 1389, 1733, 2180, 2596, 2724, 785, 993, 1445, 1693, 1996, 2388, 2982, 785, 1097, 1465, 1857, 2090, 2358, 2864, 673, 1073, 1447, 1729, 2032, 2488, 2878, 689, 1077, 1475, 1769, 2172, 2398, 2778, 701, 1081, 1409, 1869, 2040, 2420, 2734, 665, 989, 1377, 1749, 2080, 2452, 2980, 697, 1081, 1453, 1861, 2102, 2392, 2840, 637, 1065, 1441, 1757, 2048, 2592, 2726, 709, 1077, 1361, 1841, 2104, 2488, 2774, 777, 1161, 1577, 1741, 2212, 2494, 2802, 701, 1165, 1453, 1801, 2230, 2558, 2830, 741, 989, 1349, 1777, 2130, 2554, 2762, 771, 1105, 1465, 1721, 2188, 2420, 2740, 785, 1069, 1409, 1749, 2178, 2476, 2970, 729, 1081, 1453, 1747, 2320, 2438, 2836, 693, 1083, 1515, 1709, 2200, 2412, 2902, 721, 1001, 1413, 1985, 2262, 2432, 2744]
[717, 1129, 1345, 1765, 2076, 2428, 2726, 693, 977, 1409, 1865, 2132, 2452, 2812, 757, 1013, 1317, 1785, 2080, 2536, 2822, 721, 1071, 1465, 1885, 2264, 2412, 2996, 737, 1117, 1453, 1921, 2036, 2440, 2702, 793, 1057, 1393, 1701, 2220, 2456, 2766, 701, 1085, 1441, 1765, 2240, 2488, 2862, 725, 1053, 1483, 1641, 2156, 2570, 2824, 665, 1049, 1393, 1801, 2032, 2508, 2810, 737, 1017, 1397, 1721, 2290, 2416, 2908, 677, 947, 1359, 1781, 2262, 2506, 2806, 701, 1097, 1365, 1855, 2104, 2456, 2770, 789, 1117, 1393, 1771, 2024, 2556, 2814, 713, 1065, 1401, 1845, 2192, 2508, 2830, 733, 997, 1357, 1681, 2004, 2480, 2798, 745, 1109, 1421, 1813, 2214, 2392, 2794, 713, 1037, 1433, 1869, 2168, 2424, 2862, 685, 1123, 1325, 1797, 2104, 2548, 2810, 717, 1125, 1357, 1749, 2190, 2772, 2762, 617, 1097, 1385, 1863, 2106, 2472, 2710]
Compilation Time
354.9729497432709
MarQSim-GC CNOT reduction:
14.1%
MarQSim-GC-RP CNOT reduction:
16.2%
MarQSim-GC total gate reduction:
3.67%
MarQSim-GC-RP total gate reduction:
6.14%
MarQSim-GC single qubit gate reduction:
-4.23%
MarQSim-GC-RP single reduction:
-1.42%
MarQSim-GC-RP standard deviation reduction:
2.34%
