lam_list
 [[1.0, 0.0, 0.0], [0.4, 0.6, 0.0], [0.4, 0.3, 0.3]]
excute_time
 0.524
epsilon_list_1
 ['0.1', '0.067', '0.05', '0.04', '0.033', '0.0286', '0.025']
sampling_time
 20
acc_reses
[0.9704070220246125, 0.9814513972628434, 0.9902840863531143, 0.9924738409527988, 0.990110943667974, 0.9946318269359293, 0.9939895878851112, 0.9725038500989426, 0.987373472235791, 0.9890692256981326, 0.9931203724356205, 0.9951275589637587, 0.9927684665435319, 0.9928292036916492, 0.9696618213846482, 0.9877752096890348, 0.9875201069660938, 0.9920576814551942, 0.9924478546818939, 0.9916695358937053, 0.994790554047982, 0.9766776717154172, 0.9791337857585296, 0.9904456736815415, 0.9879745248597486, 0.9918994911958946, 0.9939173471381028, 0.9942030912485914, 0.9733909829798028, 0.9836117678948548, 0.9896699788426702, 0.991712212579925, 0.9924170404396185, 0.992969515599082, 0.9949700237184782, 0.9768040878331026, 0.9834544667516274, 0.990678668035873, 0.9865005017182656, 0.9920763405045055, 0.9946555500976132, 0.9943661096676384, 0.9803333282636613, 0.9889178280721732, 0.986632168894707, 0.9905139213680245, 0.989871383118656, 0.9921561479569069, 0.9956652526978704, 0.9727281981140329, 0.9845786142378518, 0.9883542061327166, 0.9877215043397188, 0.9932593714329606, 0.9937326915752035, 0.9944592119253639, 0.9797566007872357, 0.990630150323409, 0.9845049400506577, 0.9937616592923973, 0.9946235423768274, 0.995640039776276, 0.9925678413361195, 0.9688166917699773, 0.9777889603387037, 0.9855544049421826, 0.9898152960663448, 0.9924736622927636, 0.992265105261695, 0.9930853850471393, 0.9735110033767888, 0.9871546754379942, 0.9891061784345295, 0.9911177788024622, 0.9929575931133963, 0.9945275187988926, 0.9951782226588228, 0.9807564649890677, 0.9844080886686689, 0.9853358043960017, 0.9887870564666315, 0.9929752353145817, 0.9948652387492887, 0.9948047402603978, 0.9676699941285734, 0.9810990370904287, 0.9864466190364348, 0.9933683879268329, 0.9930968880711065, 0.9929698134747854, 0.9931547059873068, 0.9798031479354516, 0.9778541559901285, 0.9827219274533298, 0.9888881507897452, 0.9922712461214901, 0.9936239721485061, 0.9949799776577275, 0.976507513861834, 0.9842242610305633, 0.9900407196653233, 0.9934127334108073, 0.9884297056355892, 0.9943385126873885, 0.9947110415581201, 0.9761809222400811, 0.9832348231282043, 0.9889124039307243, 0.9911614064524396, 0.9933547378825068, 0.9918099720632231, 0.9930899751552817, 0.9808341297000377, 0.977824362740914, 0.9853640217470402, 0.985586942810705, 0.9931143524948796, 0.9929336315923334, 0.9932532943237885, 0.9695725446395188, 0.9868406057381593, 0.9891554782657269, 0.9930764461374594, 0.9909844995233951, 0.9931866529431034, 0.9934054041657877, 0.9771660568065177, 0.9808722978278769, 0.9889320741401891, 0.989578010475276, 0.9891428984398551, 0.9934996373870026, 0.9947550896118279, 0.9780971422480602, 0.9822702412519523, 0.9848915944541954, 0.9893002511123855, 0.991123378360344, 0.9936599737300926, 0.9922197472853695]
[0.9732830934497784, 0.978124943431457, 0.9790259512130355, 0.986358125371897, 0.9896594897201753, 0.9878617579801388, 0.9896503725082024, 0.9554673832670768, 0.9755749420598494, 0.9880388980061441, 0.9876865401121837, 0.990419333809124, 0.9919548034707654, 0.9884610759745625, 0.976924047495478, 0.9569500571808998, 0.9843470469520412, 0.9909048112728096, 0.9922014476232244, 0.9930339456189735, 0.9915990836955025, 0.9801479283709206, 0.9743298376950176, 0.9838892976943842, 0.9874211004261063, 0.9911540166120103, 0.9916116597403902, 0.9936789275027759, 0.9694026138010862, 0.9780625707849722, 0.9857446567362366, 0.9877910024486918, 0.9905698909222014, 0.9879945959210066, 0.9895050056280562, 0.967598601875403, 0.9796171854314675, 0.98496089093169, 0.9860810313906815, 0.9930209521505097, 0.9936419129457942, 0.9899564415335983, 0.9509957331427757, 0.9869148135432935, 0.9744554826786972, 0.9883955141811307, 0.9885494737555025, 0.9946798682335438, 0.9911354260680206, 0.9678431533611026, 0.9857929351028089, 0.9823143362376381, 0.9844991812327176, 0.989733159583558, 0.9905600547795163, 0.9919073593176185, 0.9606533101882865, 0.9802222719389199, 0.9852130436778052, 0.9928085208511584, 0.9886714269799122, 0.9912983775864007, 0.9933462746938503, 0.9823619882089555, 0.9821976128350115, 0.9864226617423406, 0.9869030178216547, 0.9909402132041668, 0.9930942654615226, 0.9921702162083843, 0.9738827174057023, 0.976044300011071, 0.9878414943672605, 0.9859357782859488, 0.9908927691216274, 0.9870784891453249, 0.9936581255024184, 0.9741777883681063, 0.9752089680423637, 0.9864636685589894, 0.988022038014238, 0.9856148479656547, 0.9915404949750898, 0.9928079247668559, 0.971996027310477, 0.9823014194742397, 0.9821778926276283, 0.987971929549758, 0.9917836196223113, 0.9928074486917748, 0.9923345471262522, 0.9757563770498111, 0.9711576691629599, 0.9912640464505993, 0.9858305779308938, 0.9882007586583053, 0.9926180243558319, 0.9862830677261887, 0.9801260845045323, 0.9852306843654329, 0.9815459940393934, 0.988718571578589, 0.9927336573647684, 0.9905063519013497, 0.990624666455692, 0.9698606531006393, 0.9833323032643846, 0.9844111830554824, 0.9807238606822093, 0.9903644923080157, 0.9878519869826514, 0.9906455295823684, 0.9638479868481995, 0.9823263955877674, 0.983298068712053, 0.9901450932370754, 0.9921266500013559, 0.9860224767598478, 0.9883188651487416, 0.9612253171205861, 0.9741362235883901, 0.9862902776226923, 0.9853133848524217, 0.9924902915958833, 0.9912988550447137, 0.9935800474082678, 0.9799456057424626, 0.978346299929509, 0.9853685188120176, 0.9819871460020997, 0.9947953820238725, 0.9938690673869535, 0.9943212868300771, 0.9647030831436848, 0.9857744054361213, 0.983482965617163, 0.9858185126943554, 0.9894885445895014, 0.9887013608741533, 0.9941363361823448]
[0.9672314203431072, 0.9832350783914131, 0.9880364004359907, 0.9885868469615999, 0.9867431234303318, 0.9895894563673109, 0.990478396453239, 0.9797653555870177, 0.9803784809472471, 0.9865219257006973, 0.9869214334872778, 0.987863619356108, 0.9883550405568579, 0.9919750718102219, 0.963819885809763, 0.9771881103613964, 0.98783118855637, 0.9888064292161179, 0.987550319111112, 0.9909626252479015, 0.9937862158164595, 0.9706400632998288, 0.9842729568624122, 0.986325089605284, 0.9898605346772966, 0.9919184547312061, 0.9902055888763881, 0.9899282457320905, 0.9729491448653441, 0.9813612990765331, 0.9820666941407047, 0.9874181889014564, 0.9898036747467575, 0.9903665794274416, 0.9931976208857747, 0.9640773741302491, 0.9847889704661702, 0.985974922375505, 0.9911516458339682, 0.9894566554449092, 0.9939731385727015, 0.9906849901719509, 0.9732607535325343, 0.9706322127458828, 0.9822487877214717, 0.9858774543642855, 0.9890237143481453, 0.9926483035088391, 0.9940746426596301, 0.9718398469963048, 0.9718168382149897, 0.9904894252799125, 0.9817372079825014, 0.9895223396300976, 0.9921236641938765, 0.9912226213770665, 0.9708391563024364, 0.9827302444147163, 0.9849227081520667, 0.9870337250618876, 0.9864656409836766, 0.9880007622519845, 0.9923676860369011, 0.9744222645831113, 0.9810124044738401, 0.9850288636612636, 0.9854045077485998, 0.989678919342622, 0.990953029210414, 0.9905872441725204, 0.9685471225083705, 0.9837160921714959, 0.9819756168936941, 0.9915431210350719, 0.9880106511433973, 0.9910790347925917, 0.9931823026298929, 0.9572541236784738, 0.9746832798336428, 0.9847373660839079, 0.9904816753963381, 0.9882035707801964, 0.9895235319821085, 0.9889178995028288, 0.977498050249005, 0.9845781461858616, 0.9779243875660668, 0.9876902943606791, 0.990665794491626, 0.9902296685916773, 0.9931533935513811, 0.9718396816925224, 0.9757208203981232, 0.9852289008106164, 0.9867876177034269, 0.9920878417064143, 0.9928693771363043, 0.9948501598107842, 0.9770427646620854, 0.9842357092886597, 0.9824403704559586, 0.9870786148556258, 0.9912968299086344, 0.9930449725531596, 0.9932621122413637, 0.9754640135273385, 0.9823323579004251, 0.9816458823171345, 0.9891672735209257, 0.9915648118375933, 0.9934316877562812, 0.9921593096055057, 0.9591708373708846, 0.9827051764826857, 0.9881830830842162, 0.9861395504131524, 0.9914027458878168, 0.9901018148260896, 0.9934201242114006, 0.9787039199676487, 0.9823290416827256, 0.9799269905293508, 0.9831829270854229, 0.9831717633574435, 0.9892384413264442, 0.9911243918824496, 0.97979576964828, 0.9816679988583634, 0.9825727939630862, 0.9882788063480614, 0.9908439520552693, 0.9928709299565279, 0.9936748147112119, 0.9610195052928179, 0.9829852947164195, 0.9841956511688053, 0.9912393175021155, 0.9923475393853494, 0.9886057975400183, 0.9929444791961436]
CNOT_numses
[6960, 11116, 14106, 18080, 22044, 25268, 29044, 7104, 11034, 14566, 17824, 21704, 25342, 28524, 6842, 10886, 14352, 18090, 21648, 25030, 28626, 7032, 10632, 14446, 18066, 21620, 25198, 28592, 7446, 10506, 14270, 17606, 21918, 25474, 28674, 6974, 10750, 14202, 17840, 21574, 24988, 28834, 7180, 10760, 14344, 18054, 22054, 24810, 28818, 7540, 10868, 14528, 17764, 21470, 25456, 29076, 7158, 10528, 14486, 18096, 21768, 25222, 28624, 7122, 10468, 14480, 18052, 21650, 24950, 28256, 7334, 10686, 14448, 17786, 21760, 25314, 28830, 7256, 10684, 14356, 17848, 21990, 25084, 29112, 7096, 10694, 13994, 17816, 21632, 25100, 28946, 6974, 10978, 14788, 17686, 21866, 25064, 28582, 7168, 10754, 14418, 17702, 21848, 25068, 28846, 7364, 10612, 14292, 18162, 21880, 25506, 29056, 7074, 10996, 14340, 17830, 22008, 25284, 28884, 7134, 10744, 14554, 17802, 21806, 25658, 28644, 7268, 10684, 14482, 18184, 21554, 25438, 28944, 7238, 10806, 14392, 17730, 21650, 25240, 28736]
[4298, 6600, 8536, 10808, 13080, 14846, 16968, 4400, 6098, 8434, 10830, 13008, 14856, 17586, 4128, 6350, 8622, 10438, 12970, 14860, 17446, 4252, 6518, 8350, 10872, 12910, 15004, 17090, 4240, 6328, 8790, 10664, 12722, 14826, 16902, 4112, 6392, 8530, 10872, 12976, 15424, 17214, 4276, 6460, 8506, 10798, 12770, 14802, 17150, 4298, 6482, 8278, 10736, 12974, 14944, 16980, 4152, 6102, 8566, 10652, 12988, 14848, 16984, 4232, 6172, 8696, 10730, 12760, 15186, 17154, 4292, 6430, 8608, 10558, 13038, 15078, 17266, 4144, 6248, 8600, 10696, 13002, 15156, 17042, 4270, 6434, 8372, 10818, 13240, 15372, 17034, 4254, 6148, 8846, 10740, 12906, 15506, 17396, 4192, 6628, 8642, 10732, 12920, 14952, 17148, 4138, 6304, 8580, 10740, 12800, 14984, 17160, 4376, 6326, 8400, 10870, 12748, 15024, 17038, 4188, 6488, 8526, 10716, 12828, 14724, 17156, 4350, 6294, 8406, 11030, 12792, 15216, 17320, 4438, 6506, 8352, 10594, 13038, 14934, 17318]
[4236, 6430, 8440, 10842, 12958, 15100, 17824, 4522, 6296, 8682, 10926, 13174, 15338, 17262, 4348, 6300, 8382, 10738, 13292, 15106, 17736, 4382, 6278, 8632, 10608, 13098, 14968, 17328, 4294, 6508, 8834, 11208, 13088, 15630, 17678, 4296, 6382, 8786, 10528, 13578, 15272, 17012, 4146, 6326, 8784, 11040, 13352, 15044, 17158, 4550, 6528, 8618, 11006, 12956, 15236, 17514, 4324, 6270, 8714, 11250, 13616, 14988, 16990, 4528, 6490, 8686, 11134, 13220, 15248, 17512, 4192, 6560, 8750, 10662, 13348, 15106, 17356, 4356, 6652, 8628, 10910, 13522, 15358, 16998, 4292, 6596, 8720, 10656, 13178, 15118, 17096, 4442, 6408, 8750, 10650, 12782, 14946, 17150, 4396, 6394, 8446, 10982, 12954, 15056, 17110, 4108, 6492, 8564, 10622, 13328, 15004, 17726, 4466, 6458, 8672, 11012, 13024, 14888, 17148, 4404, 6638, 8644, 10664, 13670, 14666, 17268, 4410, 6408, 8764, 10636, 13350, 15326, 17244, 4254, 6382, 8556, 10660, 12994, 15132, 17602]
single_q_numses
[4038, 6470, 8162, 10372, 12846, 14646, 16760, 4158, 6458, 8590, 10318, 12448, 14712, 16484, 3904, 6144, 8364, 10456, 12404, 14448, 16586, 4008, 6084, 8366, 10514, 12580, 14522, 16458, 4300, 6014, 8274, 9990, 12664, 14724, 16476, 3962, 6136, 8194, 10290, 12564, 14506, 16544, 4180, 6258, 8332, 10602, 12724, 14250, 16638, 4388, 6258, 8460, 10272, 12552, 14732, 16922, 4128, 5988, 8372, 10426, 12544, 14654, 16404, 4152, 5934, 8414, 10494, 12436, 14310, 16404, 4268, 6180, 8316, 10282, 12582, 14646, 16636, 4226, 6136, 8330, 10328, 12710, 14508, 16854, 4136, 6190, 7990, 10336, 12448, 14434, 16812, 4044, 6328, 8570, 10208, 12664, 14628, 16472, 4168, 6218, 8396, 10258, 12692, 14506, 16688, 4366, 6138, 8222, 10528, 12590, 14716, 16778, 4094, 6384, 8178, 10208, 12740, 14568, 16646, 4116, 6164, 8398, 10260, 12642, 14852, 16546, 4212, 6056, 8304, 10576, 12346, 14766, 16784, 4182, 6222, 8470, 10340, 12554, 14606, 16652]
[3142, 4834, 6066, 7636, 9514, 10772, 12256, 3152, 4394, 6052, 7808, 9348, 10800, 12810, 2996, 4580, 6086, 7620, 9366, 10682, 12490, 3028, 4692, 5996, 7840, 9258, 10742, 12340, 3084, 4642, 6376, 7734, 9156, 10598, 12150, 2972, 4604, 6054, 7806, 9366, 10910, 12390, 3028, 4604, 6048, 7820, 9046, 10710, 12242, 3054, 4654, 5824, 7718, 9504, 10676, 12240, 3008, 4320, 6168, 7604, 9322, 10590, 12202, 3020, 4376, 6284, 7654, 9248, 10924, 12456, 3092, 4522, 6172, 7636, 9442, 10690, 12342, 2958, 4524, 6168, 7774, 9272, 10740, 12170, 3024, 4702, 6044, 7924, 9618, 11074, 12128, 3004, 4408, 6360, 7792, 9302, 11204, 12406, 3006, 4770, 6106, 7670, 9242, 10698, 12332, 3014, 4524, 6210, 7640, 9164, 10740, 12370, 3030, 4638, 6022, 7774, 9370, 10666, 12242, 3052, 4778, 6094, 7764, 9200, 10528, 12190, 3104, 4506, 6102, 7990, 9300, 10954, 12202, 3156, 4584, 5966, 7558, 9404, 10606, 12466]
[2970, 4676, 6090, 7776, 9202, 10818, 12886, 3250, 4428, 6194, 7736, 9304, 10810, 12186, 3076, 4550, 5982, 7618, 9386, 10808, 12386, 3106, 4368, 6284, 7478, 9300, 10638, 12508, 3028, 4636, 6242, 8174, 9286, 11292, 12656, 2996, 4594, 6314, 7448, 9678, 10812, 12228, 2822, 4434, 6272, 7824, 9578, 10602, 12192, 3232, 4592, 6050, 7814, 9210, 11040, 12496, 3058, 4478, 6168, 7938, 9768, 10720, 11908, 3246, 4564, 6220, 7900, 9390, 10830, 12548, 3006, 4674, 6174, 7592, 9390, 10676, 12290, 3038, 4780, 6054, 7628, 9616, 10894, 11976, 3092, 4700, 6230, 7576, 9342, 10810, 12070, 3190, 4518, 6204, 7638, 9158, 10538, 12348, 3146, 4540, 5964, 7866, 9096, 10792, 12134, 2894, 4648, 6126, 7548, 9572, 10700, 12652, 3228, 4650, 6174, 7750, 9406, 10554, 12164, 3144, 4912, 6220, 7690, 9820, 10452, 12304, 3132, 4514, 6226, 7560, 9552, 10972, 12246, 3030, 4550, 6034, 7562, 9274, 10624, 12514]
non-zero entry for P_0:
75625
non-zero entry for P_1:
515
non-zero entry for P_2:
2680
time
37775.31451463699
